22.31673 -78.56004 -7.25115 
18.98373 -78.50948 -13.7925 
44.08392 -77.38425 -14.32374 
44.08392 -77.38425 -14.32374 
18.98373 -78.50948 -13.7925 
37.500027 -77.31036 -27.245369 
18.98373 -78.50948 -13.7925 
13.7925 -78.426994 -18.98373 
37.500027 -77.31036 -27.245369 
37.500027 -77.31036 -27.245369 
13.7925 -78.426994 -18.98373 
27.245369 -77.18916 -37.500027 
13.7925 -78.426994 -18.98373 
7.25115 -78.31551 -22.31673 
27.245369 -77.18916 -37.500027 
27.245369 -77.18916 -37.500027 
7.25115 -78.31551 -22.31673 
14.32374 -77.01828 -44.08392 
7.25115 -78.31551 -22.31673 
0.0 -78.18045 -23.465189 
14.32374 -77.01828 -44.08392 
14.32374 -77.01828 -44.08392 
0.0 -78.18045 -23.465189 
0.0 -76.79262 -46.35258 
-7.25115 -78.31551 -22.3167 
-14.32374 -77.01828 -44.08392 
0.0 -78.18045 -23.465189 
0.0 -78.18045 -23.465189 
-14.32374 -77.01828 -44.08392 
0.0 -76.79262 -46.35258 
-13.7925 -78.426994 -18.98373 
-27.245369 -77.18916 -37.5 
-7.25115 -78.31551 -22.3167 
-7.25115 -78.31551 -22.3167 
-27.245369 -77.18916 -37.5 
-14.32374 -77.01828 -44.08392 
-13.7925 -78.426994 -18.98373 
-18.98373 -78.50946 -13.7925 
-27.245369 -77.18916 -37.5 
-27.245369 -77.18916 -37.5 
-18.98373 -78.50946 -13.7925 
-37.5 -77.31036 -27.24534 
-18.98373 -78.50946 -13.7925 
-22.3167 -78.56004 -7.25115 
-37.5 -77.31036 -27.24534 
-37.5 -77.31036 -27.24534 
-22.3167 -78.56004 -7.25115 
-44.08389 -77.38425 -14.32374 
-22.3167 -78.56004 -7.25115 
-23.465189 -78.57707 0.0 
-44.08389 -77.38425 -14.32374 
-44.08389 -77.38425 -14.32374 
-23.465189 -78.57707 0.0 
-46.35255 -77.40936 0.0 
-23.465189 -78.57707 0.0 
-22.3167 -78.56004 7.25115 
-46.35255 -77.40936 0.0 
-46.35255 -77.40936 0.0 
-22.3167 -78.56004 7.25115 
-44.08389 -77.38425 14.32374 
-22.3167 -78.56004 7.25115 
-18.98373 -78.50948 13.792471 
-44.08389 -77.38425 14.32374 
-44.08389 -77.38425 14.32374 
-18.98373 -78.50948 13.792471 
-37.5 -77.31036 27.24534 
-18.98373 -78.50948 13.792471 
-13.792471 -78.426994 18.98373 
-37.5 -77.31036 27.24534 
-37.5 -77.31036 27.24534 
-13.792471 -78.426994 18.98373 
-27.24534 -77.18916 37.5 
-13.792471 -78.426994 18.98373 
-7.25115 -78.31551 22.3167 
-27.24534 -77.18916 37.5 
-27.24534 -77.18916 37.5 
-7.25115 -78.31551 22.3167 
-14.32374 -77.01828 44.08389 
-7.25115 -78.31551 22.3167 
0.0 -78.18045 23.465189 
-14.32374 -77.01828 44.08389 
-14.32374 -77.01828 44.08389 
0.0 -78.18045 23.465189 
0.0 -76.79262 46.35255 
7.25115 -78.31551 22.3167 
14.323709 -77.01828 44.08389 
0.0 -78.18045 23.465189 
0.0 -78.18045 23.465189 
14.323709 -77.01828 44.08389 
0.0 -76.79262 46.35255 
13.792471 -78.426994 18.98373 
27.24534 -77.18916 37.5 
7.25115 -78.31551 22.3167 
7.25115 -78.31551 22.3167 
27.24534 -77.18916 37.5 
14.323709 -77.01828 44.08389 
13.792471 -78.426994 18.98373 
18.98373 -78.50948 13.792471 
27.24534 -77.18916 37.5 
27.24534 -77.18916 37.5 
18.98373 -78.50948 13.792471 
37.5 -77.31036 27.24534 
18.98373 -78.50948 13.792471 
22.3167 -78.56004 7.25115 
37.5 -77.31036 27.24534 
37.5 -77.31036 27.24534 
22.3167 -78.56004 7.25115 
44.08389 -77.38425 14.32374 
22.3167 -78.56004 7.25115 
23.46516 -78.57707 0.0 
44.08389 -77.38425 14.32374 
44.08389 -77.38425 14.32374 
23.46516 -78.57707 0.0 
46.35255 -77.40936 0.0 
23.46516 -78.57707 0.0 
22.31673 -78.56004 -7.25115 
46.35255 -77.40936 0.0 
46.35255 -77.40936 0.0 
22.31673 -78.56004 -7.25115 
44.08392 -77.38425 -14.32374 
44.08392 -77.38425 -14.32374 
37.500027 -77.31036 -27.245369 
64.76562 -74.865265 -21.04362 
64.76562 -74.865265 -21.04362 
37.500027 -77.31036 -27.245369 
55.09293 -74.78322 -40.027348 
37.500027 -77.31036 -27.245369 
27.245369 -77.18916 -37.500027 
55.09293 -74.78322 -40.027348 
55.09293 -74.78322 -40.027348 
27.245369 -77.18916 -37.500027 
40.027348 -74.6583 -55.09293 
27.245369 -77.18916 -37.500027 
14.32374 -77.01828 -44.08392 
40.027348 -74.6583 -55.09293 
40.027348 -74.6583 -55.09293 
14.32374 -77.01828 -44.08392 
21.04362 -74.48355 -64.76562 
14.32374 -77.01828 -44.08392 
0.0 -76.79262 -46.35258 
21.04362 -74.48355 -64.76562 
21.04362 -74.48355 -64.76562 
0.0 -76.79262 -46.35258 
0.0 -74.230316 -68.09862 
-14.32374 -77.01828 -44.08392 
-21.04362 -74.48355 -64.76562 
0.0 -76.79262 -46.35258 
0.0 -76.79262 -46.35258 
-21.04362 -74.48355 -64.76562 
0.0 -74.230316 -68.09862 
-27.245369 -77.18916 -37.5 
-40.027348 -74.6583 -55.09293 
-14.32374 -77.01828 -44.08392 
-14.32374 -77.01828 -44.08392 
-40.027348 -74.6583 -55.09293 
-21.04362 -74.48355 -64.76562 
-37.5 -77.31036 -27.24534 
-55.09293 -74.78322 -40.027348 
-27.245369 -77.18916 -37.5 
-27.245369 -77.18916 -37.5 
-55.09293 -74.78322 -40.027348 
-40.027348 -74.6583 -55.09293 
-37.5 -77.31036 -27.24534 
-44.08389 -77.38425 -14.32374 
-55.09293 -74.78322 -40.027348 
-55.09293 -74.78322 -40.027348 
-44.08389 -77.38425 -14.32374 
-64.76562 -74.865265 -21.04362 
-44.08389 -77.38425 -14.32374 
-46.35255 -77.40936 0.0 
-64.76562 -74.865265 -21.04362 
-64.76562 -74.865265 -21.04362 
-46.35255 -77.40936 0.0 
-68.09859 -74.89488 0.0 
-46.35255 -77.40936 0.0 
-44.08389 -77.38425 14.32374 
-68.09859 -74.89488 0.0 
-68.09859 -74.89488 0.0 
-44.08389 -77.38425 14.32374 
-64.76562 -74.865265 21.04362 
-44.08389 -77.38425 14.32374 
-37.5 -77.31036 27.24534 
-64.76562 -74.865265 21.04362 
-64.76562 -74.865265 21.04362 
-37.5 -77.31036 27.24534 
-55.09293 -74.78322 40.027348 
-37.5 -77.31036 27.24534 
-27.24534 -77.18916 37.5 
-55.09293 -74.78322 40.027348 
-55.09293 -74.78322 40.027348 
-27.24534 -77.18916 37.5 
-40.027348 -74.6583 55.0929 
-27.24534 -77.18916 37.5 
-14.32374 -77.01828 44.08389 
-40.027348 -74.6583 55.0929 
-40.027348 -74.6583 55.0929 
-14.32374 -77.01828 44.08389 
-21.04362 -74.48355 64.76562 
-14.32374 -77.01828 44.08389 
0.0 -76.79262 46.35255 
-21.04362 -74.48355 64.76562 
-21.04362 -74.48355 64.76562 
0.0 -76.79262 46.35255 
0.0 -74.230316 68.09859 
14.323709 -77.01828 44.08389 
21.04362 -74.48355 64.765594 
0.0 -76.79262 46.35255 
0.0 -76.79262 46.35255 
21.04362 -74.48355 64.765594 
0.0 -74.230316 68.09859 
27.24534 -77.18916 37.5 
40.027348 -74.6583 55.0929 
14.323709 -77.01828 44.08389 
14.323709 -77.01828 44.08389 
40.027348 -74.6583 55.0929 
21.04362 -74.48355 64.765594 
37.5 -77.31036 27.24534 
55.0929 -74.78322 40.027348 
27.24534 -77.18916 37.5 
27.24534 -77.18916 37.5 
55.0929 -74.78322 40.027348 
40.027348 -74.6583 55.0929 
37.5 -77.31036 27.24534 
44.08389 -77.38425 14.32374 
55.0929 -74.78322 40.027348 
55.0929 -74.78322 40.027348 
44.08389 -77.38425 14.32374 
64.765594 -74.865265 21.04362 
44.08389 -77.38425 14.32374 
46.35255 -77.40936 0.0 
64.765594 -74.865265 21.04362 
64.765594 -74.865265 21.04362 
46.35255 -77.40936 0.0 
68.09859 -74.89488 0.0 
46.35255 -77.40936 0.0 
44.08392 -77.38425 -14.32374 
68.09859 -74.89488 0.0 
68.09859 -74.89488 0.0 
44.08392 -77.38425 -14.32374 
64.76562 -74.865265 -21.04362 
64.76562 -74.865265 -21.04362 
55.09293 -74.78322 -40.027348 
83.852615 -70.693085 -27.245369 
83.852615 -70.693085 -27.245369 
55.09293 -74.78322 -40.027348 
71.32929 -70.60917 -51.823742 
55.09293 -74.78322 -40.027348 
40.027348 -74.6583 -55.09293 
71.32929 -70.60917 -51.823742 
71.32929 -70.60917 -51.823742 
40.027348 -74.6583 -55.09293 
51.823742 -70.50351 -71.32929 
40.027348 -74.6583 -55.09293 
21.04362 -74.48355 -64.76562 
51.823742 -70.50351 -71.32929 
51.823742 -70.50351 -71.32929 
21.04362 -74.48355 -64.76562 
27.245369 -70.37064 -83.852585 
21.04362 -74.48355 -64.76562 
0.0 -74.230316 -68.09862 
27.245369 -70.37064 -83.852585 
27.245369 -70.37064 -83.852585 
0.0 -74.230316 -68.09862 
0.0 -70.153145 -88.16784 
-21.04362 -74.48355 -64.76562 
-27.245369 -70.37064 -83.852585 
0.0 -74.230316 -68.09862 
0.0 -74.230316 -68.09862 
-27.245369 -70.37064 -83.852585 
0.0 -70.153145 -88.16784 
-40.027348 -74.6583 -55.09293 
-51.823742 -70.50351 -71.329254 
-21.04362 -74.48355 -64.76562 
-21.04362 -74.48355 -64.76562 
-51.823742 -70.50351 -71.329254 
-27.245369 -70.37064 -83.852585 
-55.09293 -74.78322 -40.027348 
-71.329254 -70.60917 -51.823742 
-40.027348 -74.6583 -55.09293 
-40.027348 -74.6583 -55.09293 
-71.329254 -70.60917 -51.823742 
-51.823742 -70.50351 -71.329254 
-64.76562 -74.865265 -21.04362 
-83.852585 -70.693085 -27.24534 
-55.09293 -74.78322 -40.027348 
-55.09293 -74.78322 -40.027348 
-83.852585 -70.693085 -27.24534 
-71.329254 -70.60917 -51.823742 
-64.76562 -74.865265 -21.04362 
-68.09859 -74.89488 0.0 
-83.852585 -70.693085 -27.24534 
-83.852585 -70.693085 -27.24534 
-68.09859 -74.89488 0.0 
-88.16781 -70.72674 0.0 
-68.09859 -74.89488 0.0 
-64.76562 -74.865265 21.04362 
-88.16781 -70.72674 0.0 
-88.16781 -70.72674 0.0 
-64.76562 -74.865265 21.04362 
-83.852585 -70.693085 27.24534 
-64.76562 -74.865265 21.04362 
-55.09293 -74.78322 40.027348 
-83.852585 -70.693085 27.24534 
-83.852585 -70.693085 27.24534 
-55.09293 -74.78322 40.027348 
-71.329254 -70.60917 51.823742 
-55.09293 -74.78322 40.027348 
-40.027348 -74.6583 55.0929 
-71.329254 -70.60917 51.823742 
-71.329254 -70.60917 51.823742 
-40.027348 -74.6583 55.0929 
-51.823742 -70.50351 71.329254 
-40.027348 -74.6583 55.0929 
-21.04362 -74.48355 64.76562 
-51.823742 -70.50351 71.329254 
-51.823742 -70.50351 71.329254 
-21.04362 -74.48355 64.76562 
-27.24534 -70.37064 83.85255 
-21.04362 -74.48355 64.76562 
0.0 -74.230316 68.09859 
-27.24534 -70.37064 83.85255 
-27.24534 -70.37064 83.85255 
0.0 -74.230316 68.09859 
0.0 -70.153145 88.16778 
21.04362 -74.48355 64.765594 
27.24534 -70.37064 83.85255 
0.0 -74.230316 68.09859 
0.0 -74.230316 68.09859 
27.24534 -70.37064 83.85255 
0.0 -70.153145 88.16778 
40.027348 -74.6583 55.0929 
51.823742 -70.50351 71.32923 
21.04362 -74.48355 64.765594 
21.04362 -74.48355 64.765594 
51.823742 -70.50351 71.32923 
27.24534 -70.37064 83.85255 
55.0929 -74.78322 40.027348 
71.32923 -70.60917 51.823742 
40.027348 -74.6583 55.0929 
40.027348 -74.6583 55.0929 
71.32923 -70.60917 51.823742 
51.823742 -70.50351 71.32923 
64.765594 -74.865265 21.04362 
83.85255 -70.693085 27.24534 
55.0929 -74.78322 40.027348 
55.0929 -74.78322 40.027348 
83.85255 -70.693085 27.24534 
71.32923 -70.60917 51.823742 
64.765594 -74.865265 21.04362 
68.09859 -74.89488 0.0 
83.85255 -70.693085 27.24534 
83.85255 -70.693085 27.24534 
68.09859 -74.89488 0.0 
88.16778 -70.72674 0.0 
68.09859 -74.89488 0.0 
64.76562 -74.865265 -21.04362 
88.16778 -70.72674 0.0 
88.16778 -70.72674 0.0 
64.76562 -74.865265 -21.04362 
83.852615 -70.693085 -27.245369 
83.852615 -70.693085 -27.245369 
71.32929 -70.60917 -51.823742 
100.87485 -64.51464 -32.77623 
100.87485 -64.51464 -32.77623 
71.32929 -70.60917 -51.823742 
85.809265 -64.43334 -62.344078 
71.32929 -70.60917 -51.823742 
51.823742 -70.50351 -71.32929 
85.809265 -64.43334 -62.344078 
85.809265 -64.43334 -62.344078 
51.823742 -70.50351 -71.32929 
62.344078 -64.35786 -85.809265 
51.823742 -70.50351 -71.32929 
27.245369 -70.37064 -83.852585 
62.344078 -64.35786 -85.809265 
62.344078 -64.35786 -85.809265 
27.245369 -70.37064 -83.852585 
32.77623 -64.29048 -100.874825 
27.245369 -70.37064 -83.852585 
0.0 -70.153145 -88.16784 
32.77623 -64.29048 -100.874825 
32.77623 -64.29048 -100.874825 
0.0 -70.153145 -88.16784 
0.0 -64.1517 -106.066086 
-27.245369 -70.37064 -83.852585 
-32.77623 -64.29048 -100.874825 
0.0 -70.153145 -88.16784 
0.0 -70.153145 -88.16784 
-32.77623 -64.29048 -100.874825 
0.0 -64.1517 -106.066086 
-51.823742 -70.50351 -71.329254 
-62.34405 -64.35786 -85.809235 
-27.245369 -70.37064 -83.852585 
-27.245369 -70.37064 -83.852585 
-62.34405 -64.35786 -85.809235 
-32.77623 -64.29048 -100.874825 
-71.329254 -70.60917 -51.823742 
-85.809235 -64.43334 -62.34405 
-51.823742 -70.50351 -71.329254 
-51.823742 -70.50351 -71.329254 
-85.809235 -64.43334 -62.34405 
-62.34405 -64.35786 -85.809235 
-83.852585 -70.693085 -27.24534 
-100.874825 -64.51464 -32.7762 
-71.329254 -70.60917 -51.823742 
-71.329254 -70.60917 -51.823742 
-100.874825 -64.51464 -32.7762 
-85.809235 -64.43334 -62.34405 
-83.852585 -70.693085 -27.24534 
-88.16781 -70.72674 0.0 
-100.874825 -64.51464 -32.7762 
-100.874825 -64.51464 -32.7762 
-88.16781 -70.72674 0.0 
-106.066055 -64.55124 0.0 
-88.16781 -70.72674 0.0 
-83.852585 -70.693085 27.24534 
-106.066055 -64.55124 0.0 
-106.066055 -64.55124 0.0 
-83.852585 -70.693085 27.24534 
-100.874825 -64.51464 32.7762 
-83.852585 -70.693085 27.24534 
-71.329254 -70.60917 51.823742 
-100.874825 -64.51464 32.7762 
-100.874825 -64.51464 32.7762 
-71.329254 -70.60917 51.823742 
-85.809235 -64.43334 62.34405 
-71.329254 -70.60917 51.823742 
-51.823742 -70.50351 71.329254 
-85.809235 -64.43334 62.34405 
-85.809235 -64.43334 62.34405 
-51.823742 -70.50351 71.329254 
-62.34405 -64.35786 85.80921 
-51.823742 -70.50351 71.329254 
-27.24534 -70.37064 83.85255 
-62.34405 -64.35786 85.80921 
-62.34405 -64.35786 85.80921 
-27.24534 -70.37064 83.85255 
-32.7762 -64.29048 100.874794 
-27.24534 -70.37064 83.85255 
0.0 -70.153145 88.16778 
-32.7762 -64.29048 100.874794 
-32.7762 -64.29048 100.874794 
0.0 -70.153145 88.16778 
0.0 -64.1517 106.066025 
27.24534 -70.37064 83.85255 
32.7762 -64.29048 100.874794 
0.0 -70.153145 88.16778 
0.0 -70.153145 88.16778 
32.7762 -64.29048 100.874794 
0.0 -64.1517 106.066025 
51.823742 -70.50351 71.32923 
62.34405 -64.35786 85.80921 
27.24534 -70.37064 83.85255 
27.24534 -70.37064 83.85255 
62.34405 -64.35786 85.80921 
32.7762 -64.29048 100.874794 
71.32923 -70.60917 51.823742 
85.80921 -64.43334 62.34405 
51.823742 -70.50351 71.32923 
51.823742 -70.50351 71.32923 
85.80921 -64.43334 62.34405 
62.34405 -64.35786 85.80921 
83.85255 -70.693085 27.24534 
100.874794 -64.51464 32.7762 
71.32923 -70.60917 51.823742 
71.32923 -70.60917 51.823742 
100.874794 -64.51464 32.7762 
85.80921 -64.43334 62.34405 
83.85255 -70.693085 27.24534 
88.16778 -70.72674 0.0 
100.874794 -64.51464 32.7762 
100.874794 -64.51464 32.7762 
88.16778 -70.72674 0.0 
106.066025 -64.55124 0.0 
88.16778 -70.72674 0.0 
83.852615 -70.693085 -27.245369 
106.066025 -64.55124 0.0 
106.066025 -64.55124 0.0 
83.852615 -70.693085 -27.245369 
100.87485 -64.51464 -32.77623 
100.87485 -64.51464 -32.77623 
85.809265 -64.43334 -62.344078 
115.41321 -55.98783 -37.500027 
115.41321 -55.98783 -37.500027 
85.809265 -64.43334 -62.344078 
98.17635 -55.91886 -71.32929 
85.809265 -64.43334 -62.344078 
62.344078 -64.35786 -85.809265 
98.17635 -55.91886 -71.32929 
98.17635 -55.91886 -71.32929 
62.344078 -64.35786 -85.809265 
71.32929 -55.875183 -98.176315 
62.344078 -64.35786 -85.809265 
32.77623 -64.29048 -100.874825 
71.32929 -55.875183 -98.176315 
71.32929 -55.875183 -98.176315 
32.77623 -64.29048 -100.874825 
37.500027 -55.86681 -115.41318 
32.77623 -64.29048 -100.874825 
0.0 -64.1517 -106.066086 
37.500027 -55.86681 -115.41318 
37.500027 -55.86681 -115.41318 
0.0 -64.1517 -106.066086 
0.0 -55.813618 -121.35261 
-32.77623 -64.29048 -100.874825 
-37.500027 -55.86681 -115.41318 
0.0 -64.1517 -106.066086 
0.0 -64.1517 -106.066086 
-37.500027 -55.86681 -115.41318 
0.0 -55.813618 -121.35261 
-32.77623 -64.29048 -100.874825 
-62.34405 -64.35786 -85.809235 
-37.500027 -55.86681 -115.41318 
-37.500027 -55.86681 -115.41318 
-62.34405 -64.35786 -85.809235 
-71.329254 -55.875183 -98.176315 
-85.809235 -64.43334 -62.34405 
-98.17629 -55.91886 -71.329254 
-62.34405 -64.35786 -85.809235 
-62.34405 -64.35786 -85.809235 
-98.17629 -55.91886 -71.329254 
-71.329254 -55.875183 -98.176315 
-100.874825 -64.51464 -32.7762 
-115.41318 -55.98783 -37.5 
-85.809235 -64.43334 -62.34405 
-85.809235 -64.43334 -62.34405 
-115.41318 -55.98783 -37.5 
-98.17629 -55.91886 -71.329254 
-100.874825 -64.51464 -32.7762 
-106.066055 -64.55124 0.0 
-115.41318 -55.98783 -37.5 
-115.41318 -55.98783 -37.5 
-106.066055 -64.55124 0.0 
-121.352585 -56.02176 0.0 
-106.066055 -64.55124 0.0 
-100.874825 -64.51464 32.7762 
-121.352585 -56.02176 0.0 
-121.352585 -56.02176 0.0 
-100.874825 -64.51464 32.7762 
-115.41318 -55.98783 37.5 
-100.874825 -64.51464 32.7762 
-85.809235 -64.43334 62.34405 
-115.41318 -55.98783 37.5 
-115.41318 -55.98783 37.5 
-85.809235 -64.43334 62.34405 
-98.17629 -55.91886 71.329254 
-85.809235 -64.43334 62.34405 
-62.34405 -64.35786 85.80921 
-98.17629 -55.91886 71.329254 
-98.17629 -55.91886 71.329254 
-62.34405 -64.35786 85.80921 
-71.329254 -55.875183 98.17629 
-62.34405 -64.35786 85.80921 
-32.7762 -64.29048 100.874794 
-71.329254 -55.875183 98.17629 
-71.329254 -55.875183 98.17629 
-32.7762 -64.29048 100.874794 
-37.5 -55.86681 115.413155 
-32.7762 -64.29048 100.874794 
0.0 -64.1517 106.066025 
-37.5 -55.86681 115.413155 
-37.5 -55.86681 115.413155 
0.0 -64.1517 106.066025 
0.0 -55.813618 121.35255 
32.7762 -64.29048 100.874794 
37.5 -55.86681 115.413155 
0.0 -64.1517 106.066025 
0.0 -64.1517 106.066025 
37.5 -55.86681 115.413155 
0.0 -55.813618 121.35255 
32.7762 -64.29048 100.874794 
62.34405 -64.35786 85.80921 
37.5 -55.86681 115.413155 
37.5 -55.86681 115.413155 
62.34405 -64.35786 85.80921 
71.32923 -55.875183 98.17629 
85.80921 -64.43334 62.34405 
98.17626 -55.91886 71.32923 
62.34405 -64.35786 85.80921 
62.34405 -64.35786 85.80921 
98.17626 -55.91886 71.32923 
71.32923 -55.875183 98.17629 
100.874794 -64.51464 32.7762 
115.413155 -55.98783 37.5 
85.80921 -64.43334 62.34405 
85.80921 -64.43334 62.34405 
115.413155 -55.98783 37.5 
98.17626 -55.91886 71.32923 
100.874794 -64.51464 32.7762 
106.066025 -64.55124 0.0 
115.413155 -55.98783 37.5 
115.413155 -55.98783 37.5 
106.066025 -64.55124 0.0 
121.35255 -56.02176 0.0 
106.066025 -64.55124 0.0 
100.87485 -64.51464 -32.77623 
121.35255 -56.02176 0.0 
121.35255 -56.02176 0.0 
100.87485 -64.51464 -32.77623 
115.41321 -55.98783 -37.500027 
115.41321 -55.98783 -37.500027 
98.17635 -55.91886 -71.32929 
127.109726 -44.840458 -41.30046 
127.109726 -44.840458 -41.30046 
98.17635 -55.91886 -71.32929 
108.126 -44.803112 -78.55812 
98.17635 -55.91886 -71.32929 
71.32929 -55.875183 -98.176315 
108.126 -44.803112 -78.55812 
108.126 -44.803112 -78.55812 
71.32929 -55.875183 -98.176315 
78.55812 -44.787212 -108.12597 
71.32929 -55.875183 -98.176315 
37.500027 -55.86681 -115.41318 
78.55812 -44.787212 -108.12597 
78.55812 -44.787212 -108.12597 
37.500027 -55.86681 -115.41318 
41.30046 -44.80206 -127.1097 
37.500027 -55.86681 -115.41318 
0.0 -55.813618 -121.35261 
41.30046 -44.80206 -127.1097 
41.30046 -44.80206 -127.1097 
0.0 -55.813618 -121.35261 
0.0 -44.80098 -133.65105 
0.0 -55.813618 -121.35261 
-37.500027 -55.86681 -115.41318 
0.0 -44.80098 -133.65105 
0.0 -44.80098 -133.65105 
-37.500027 -55.86681 -115.41318 
-41.30046 -44.80206 -127.1097 
-37.500027 -55.86681 -115.41318 
-71.329254 -55.875183 -98.176315 
-41.30046 -44.80206 -127.1097 
-41.30046 -44.80206 -127.1097 
-71.329254 -55.875183 -98.176315 
-78.55812 -44.787212 -108.12597 
-71.329254 -55.875183 -98.176315 
-98.17629 -55.91886 -71.329254 
-78.55812 -44.787212 -108.12597 
-78.55812 -44.787212 -108.12597 
-98.17629 -55.91886 -71.329254 
-108.12594 -44.803112 -78.55809 
-115.41318 -55.98783 -37.5 
-127.10967 -44.840458 -41.30043 
-98.17629 -55.91886 -71.329254 
-98.17629 -55.91886 -71.329254 
-127.10967 -44.840458 -41.30043 
-108.12594 -44.803112 -78.55809 
-115.41318 -55.98783 -37.5 
-121.352585 -56.02176 0.0 
-127.10967 -44.840458 -41.30043 
-127.10967 -44.840458 -41.30043 
-121.352585 -56.02176 0.0 
-133.65102 -44.85987 0.0 
-121.352585 -56.02176 0.0 
-115.41318 -55.98783 37.5 
-133.65102 -44.85987 0.0 
-133.65102 -44.85987 0.0 
-115.41318 -55.98783 37.5 
-127.10967 -44.840458 41.30043 
-115.41318 -55.98783 37.5 
-98.17629 -55.91886 71.329254 
-127.10967 -44.840458 41.30043 
-127.10967 -44.840458 41.30043 
-98.17629 -55.91886 71.329254 
-108.12594 -44.803112 78.55809 
-98.17629 -55.91886 71.329254 
-71.329254 -55.875183 98.17629 
-108.12594 -44.803112 78.55809 
-108.12594 -44.803112 78.55809 
-71.329254 -55.875183 98.17629 
-78.55809 -44.787212 108.12594 
-71.329254 -55.875183 98.17629 
-37.5 -55.86681 115.413155 
-78.55809 -44.787212 108.12594 
-78.55809 -44.787212 108.12594 
-37.5 -55.86681 115.413155 
-41.30043 -44.80206 127.10967 
-37.5 -55.86681 115.413155 
0.0 -55.813618 121.35255 
-41.30043 -44.80206 127.10967 
-41.30043 -44.80206 127.10967 
0.0 -55.813618 121.35255 
0.0 -44.80098 133.65099 
0.0 -55.813618 121.35255 
37.5 -55.86681 115.413155 
0.0 -44.80098 133.65099 
0.0 -44.80098 133.65099 
37.5 -55.86681 115.413155 
41.30043 -44.80206 127.10967 
37.5 -55.86681 115.413155 
71.32923 -55.875183 98.17629 
41.30043 -44.80206 127.10967 
41.30043 -44.80206 127.10967 
71.32923 -55.875183 98.17629 
78.55809 -44.787212 108.12594 
71.32923 -55.875183 98.17629 
98.17626 -55.91886 71.32923 
78.55809 -44.787212 108.12594 
78.55809 -44.787212 108.12594 
98.17626 -55.91886 71.32923 
108.12591 -44.803112 78.55809 
115.413155 -55.98783 37.5 
127.109634 -44.840458 41.30043 
98.17626 -55.91886 71.32923 
98.17626 -55.91886 71.32923 
127.109634 -44.840458 41.30043 
108.12591 -44.803112 78.55809 
115.413155 -55.98783 37.5 
121.35255 -56.02176 0.0 
127.109634 -44.840458 41.30043 
127.109634 -44.840458 41.30043 
121.35255 -56.02176 0.0 
133.65099 -44.85987 0.0 
121.35255 -56.02176 0.0 
115.41321 -55.98783 -37.500027 
133.65099 -44.85987 0.0 
133.65099 -44.85987 0.0 
115.41321 -55.98783 -37.500027 
127.109726 -44.840458 -41.30046 
127.109726 -44.840458 -41.30046 
108.126 -44.803112 -78.55812 
135.67638 -30.927479 -44.08392 
135.67638 -30.927479 -44.08392 
108.126 -44.803112 -78.55812 
115.41321 -30.94893 -83.852615 
108.126 -44.803112 -78.55812 
78.55812 -44.787212 -108.12597 
115.41321 -30.94893 -83.852615 
115.41321 -30.94893 -83.852615 
78.55812 -44.787212 -108.12597 
83.852615 -30.95538 -115.41321 
78.55812 -44.787212 -108.12597 
41.30046 -44.80206 -127.1097 
83.852615 -30.95538 -115.41321 
83.852615 -30.95538 -115.41321 
41.30046 -44.80206 -127.1097 
44.08392 -30.93987 -135.67636 
41.30046 -44.80206 -127.1097 
0.0 -44.80098 -133.65105 
44.08392 -30.93987 -135.67636 
44.08392 -30.93987 -135.67636 
0.0 -44.80098 -133.65105 
0.0 -30.929968 -142.65854 
0.0 -44.80098 -133.65105 
-41.30046 -44.80206 -127.1097 
0.0 -30.929968 -142.65854 
0.0 -30.929968 -142.65854 
-41.30046 -44.80206 -127.1097 
-44.08392 -30.93987 -135.67636 
-41.30046 -44.80206 -127.1097 
-78.55812 -44.787212 -108.12597 
-44.08392 -30.93987 -135.67636 
-44.08392 -30.93987 -135.67636 
-78.55812 -44.787212 -108.12597 
-83.852585 -30.95538 -115.41318 
-78.55812 -44.787212 -108.12597 
-108.12594 -44.803112 -78.55809 
-83.852585 -30.95538 -115.41318 
-83.852585 -30.95538 -115.41318 
-108.12594 -44.803112 -78.55809 
-115.41318 -30.94893 -83.852585 
-108.12594 -44.803112 -78.55809 
-127.10967 -44.840458 -41.30043 
-115.41318 -30.94893 -83.852585 
-115.41318 -30.94893 -83.852585 
-127.10967 -44.840458 -41.30043 
-135.67632 -30.927479 -44.08392 
-127.10967 -44.840458 -41.30043 
-133.65102 -44.85987 0.0 
-135.67632 -30.927479 -44.08392 
-135.67632 -30.927479 -44.08392 
-133.65102 -44.85987 0.0 
-142.65851 -30.91596 0.0 
-133.65102 -44.85987 0.0 
-127.10967 -44.840458 41.30043 
-142.65851 -30.91596 0.0 
-142.65851 -30.91596 0.0 
-127.10967 -44.840458 41.30043 
-135.67632 -30.927479 44.08392 
-127.10967 -44.840458 41.30043 
-108.12594 -44.803112 78.55809 
-135.67632 -30.927479 44.08392 
-135.67632 -30.927479 44.08392 
-108.12594 -44.803112 78.55809 
-115.41318 -30.94893 83.852585 
-108.12594 -44.803112 78.55809 
-78.55809 -44.787212 108.12594 
-115.41318 -30.94893 83.852585 
-115.41318 -30.94893 83.852585 
-78.55809 -44.787212 108.12594 
-83.852585 -30.95538 115.413155 
-78.55809 -44.787212 108.12594 
-41.30043 -44.80206 127.10967 
-83.852585 -30.95538 115.413155 
-83.852585 -30.95538 115.413155 
-41.30043 -44.80206 127.10967 
-44.08392 -30.93987 135.67628 
-41.30043 -44.80206 127.10967 
0.0 -44.80098 133.65099 
-44.08392 -30.93987 135.67628 
-44.08392 -30.93987 135.67628 
0.0 -44.80098 133.65099 
0.0 -30.929968 142.65848 
0.0 -44.80098 133.65099 
41.30043 -44.80206 127.10967 
0.0 -30.929968 142.65848 
0.0 -30.929968 142.65848 
41.30043 -44.80206 127.10967 
44.08389 -30.93987 135.67628 
41.30043 -44.80206 127.10967 
78.55809 -44.787212 108.12594 
44.08389 -30.93987 135.67628 
44.08389 -30.93987 135.67628 
78.55809 -44.787212 108.12594 
83.85255 -30.95538 115.413155 
78.55809 -44.787212 108.12594 
108.12591 -44.803112 78.55809 
83.85255 -30.95538 115.413155 
83.85255 -30.95538 115.413155 
108.12591 -44.803112 78.55809 
115.413155 -30.94893 83.85255 
108.12591 -44.803112 78.55809 
127.109634 -44.840458 41.30043 
115.413155 -30.94893 83.85255 
115.413155 -30.94893 83.85255 
127.109634 -44.840458 41.30043 
135.67628 -30.927479 44.08389 
127.109634 -44.840458 41.30043 
133.65099 -44.85987 0.0 
135.67628 -30.927479 44.08389 
135.67628 -30.927479 44.08389 
133.65099 -44.85987 0.0 
142.65848 -30.91596 0.0 
133.65099 -44.85987 0.0 
127.109726 -44.840458 -41.30046 
142.65848 -30.91596 0.0 
142.65848 -30.91596 0.0 
127.109726 -44.840458 -41.30046 
135.67638 -30.927479 -44.08392 
115.41321 -30.94893 -83.852615 
119.85858 -14.387609 -87.08235 
135.67638 -30.927479 -44.08392 
135.67638 -30.927479 -44.08392 
119.85858 -14.387609 -87.08235 
140.9022 -14.280149 -45.781887 
115.41321 -30.94893 -83.852615 
83.852615 -30.95538 -115.41321 
119.85858 -14.387609 -87.08235 
119.85858 -14.387609 -87.08235 
83.852615 -30.95538 -115.41321 
87.08235 -14.4129 -119.85858 
83.852615 -30.95538 -115.41321 
44.08392 -30.93987 -135.67636 
87.08235 -14.4129 -119.85858 
87.08235 -14.4129 -119.85858 
44.08392 -30.93987 -135.67636 
45.781887 -14.31687 -140.9022 
44.08392 -30.93987 -135.67636 
0.0 -30.929968 -142.65854 
45.781887 -14.31687 -140.9022 
45.781887 -14.31687 -140.9022 
0.0 -30.929968 -142.65854 
0.0 -14.238211 -148.15332 
-44.08392 -30.93987 -135.67636 
-45.781887 -14.31687 -140.90219 
0.0 -30.929968 -142.65854 
0.0 -30.929968 -142.65854 
-45.781887 -14.31687 -140.90219 
0.0 -14.238211 -148.15332 
-83.852585 -30.95538 -115.41318 
-87.08232 -14.4129 -119.85855 
-44.08392 -30.93987 -135.67636 
-44.08392 -30.93987 -135.67636 
-87.08232 -14.4129 -119.85855 
-45.781887 -14.31687 -140.90219 
-83.852585 -30.95538 -115.41318 
-115.41318 -30.94893 -83.852585 
-87.08232 -14.4129 -119.85855 
-87.08232 -14.4129 -119.85855 
-115.41318 -30.94893 -83.852585 
-119.85855 -14.387609 -87.08232 
-115.41318 -30.94893 -83.852585 
-135.67632 -30.927479 -44.08392 
-119.85855 -14.387609 -87.08232 
-119.85855 -14.387609 -87.08232 
-135.67632 -30.927479 -44.08392 
-140.90219 -14.280149 -45.781887 
-135.67632 -30.927479 -44.08392 
-142.65851 -30.91596 0.0 
-140.90219 -14.280149 -45.781887 
-140.90219 -14.280149 -45.781887 
-142.65851 -30.91596 0.0 
-148.1533 -14.221499 0.0 
-142.65851 -30.91596 0.0 
-135.67632 -30.927479 44.08392 
-148.1533 -14.221499 0.0 
-148.1533 -14.221499 0.0 
-135.67632 -30.927479 44.08392 
-140.90219 -14.280149 45.781887 
-115.41318 -30.94893 83.852585 
-119.85852 -14.387609 87.08232 
-135.67632 -30.927479 44.08392 
-135.67632 -30.927479 44.08392 
-119.85852 -14.387609 87.08232 
-140.90219 -14.280149 45.781887 
-115.41318 -30.94893 83.852585 
-83.852585 -30.95538 115.413155 
-119.85852 -14.387609 87.08232 
-119.85852 -14.387609 87.08232 
-83.852585 -30.95538 115.413155 
-87.08232 -14.4129 119.85852 
-83.852585 -30.95538 115.413155 
-44.08392 -30.93987 135.67628 
-87.08232 -14.4129 119.85852 
-87.08232 -14.4129 119.85852 
-44.08392 -30.93987 135.67628 
-45.781887 -14.31687 140.90213 
-44.08392 -30.93987 135.67628 
0.0 -30.929968 142.65848 
-45.781887 -14.31687 140.90213 
-45.781887 -14.31687 140.90213 
0.0 -30.929968 142.65848 
0.0 -14.238211 148.15327 
44.08389 -30.93987 135.67628 
45.78186 -14.31687 140.90213 
0.0 -30.929968 142.65848 
0.0 -30.929968 142.65848 
45.78186 -14.31687 140.90213 
0.0 -14.238211 148.15327 
83.85255 -30.95538 115.413155 
87.08229 -14.4129 119.85852 
44.08389 -30.93987 135.67628 
44.08389 -30.93987 135.67628 
87.08229 -14.4129 119.85852 
45.78186 -14.31687 140.90213 
83.85255 -30.95538 115.413155 
115.413155 -30.94893 83.85255 
87.08229 -14.4129 119.85852 
87.08229 -14.4129 119.85852 
115.413155 -30.94893 83.85255 
119.85849 -14.387609 87.08232 
115.413155 -30.94893 83.85255 
135.67628 -30.927479 44.08389 
119.85849 -14.387609 87.08232 
119.85849 -14.387609 87.08232 
135.67628 -30.927479 44.08389 
140.9021 -14.280149 45.78186 
135.67628 -30.927479 44.08389 
142.65848 -30.91596 0.0 
140.9021 -14.280149 45.78186 
140.9021 -14.280149 45.78186 
142.65848 -30.91596 0.0 
148.15327 -14.221499 0.0 
142.65848 -30.91596 0.0 
135.67638 -30.927479 -44.08392 
148.15327 -14.221499 0.0 
148.15327 -14.221499 0.0 
135.67638 -30.927479 -44.08392 
140.9022 -14.280149 -45.781887 
119.85858 -14.387609 -87.08235 
121.35264 4.64973 -88.16784 
140.9022 -14.280149 -45.781887 
140.9022 -14.280149 -45.781887 
121.35264 4.64973 -88.16784 
142.65858 4.85961 -46.35258 
87.08235 -14.4129 -119.85858 
88.16784 4.60446 -121.35261 
119.85858 -14.387609 -87.08235 
119.85858 -14.387609 -87.08235 
88.16784 4.60446 -121.35261 
121.35264 4.64973 -88.16784 
87.08235 -14.4129 -119.85858 
45.781887 -14.31687 -140.9022 
88.16784 4.60446 -121.35261 
88.16784 4.60446 -121.35261 
45.781887 -14.31687 -140.9022 
46.35258 4.80315 -142.65854 
45.781887 -14.31687 -140.9022 
0.0 -14.238211 -148.15332 
46.35258 4.80315 -142.65854 
46.35258 4.80315 -142.65854 
0.0 -14.238211 -148.15332 
0.0 4.97469 -150.00006 
-45.781887 -14.31687 -140.90219 
-46.35258 4.80315 -142.65854 
0.0 -14.238211 -148.15332 
0.0 -14.238211 -148.15332 
-46.35258 4.80315 -142.65854 
0.0 4.97469 -150.00006 
-87.08232 -14.4129 -119.85855 
-88.16781 4.60446 -121.352585 
-45.781887 -14.31687 -140.90219 
-45.781887 -14.31687 -140.90219 
-88.16781 4.60446 -121.352585 
-46.35258 4.80315 -142.65854 
-87.08232 -14.4129 -119.85855 
-119.85855 -14.387609 -87.08232 
-88.16781 4.60446 -121.352585 
-88.16781 4.60446 -121.352585 
-119.85855 -14.387609 -87.08232 
-121.352585 4.64973 -88.16781 
-119.85855 -14.387609 -87.08232 
-140.90219 -14.280149 -45.781887 
-121.352585 4.64973 -88.16781 
-121.352585 4.64973 -88.16781 
-140.90219 -14.280149 -45.781887 
-142.65851 4.85961 -46.35255 
-140.90219 -14.280149 -45.781887 
-148.1533 -14.221499 0.0 
-142.65851 4.85961 -46.35255 
-142.65851 4.85961 -46.35255 
-148.1533 -14.221499 0.0 
-150.00003 4.97469 0.0 
-140.90219 -14.280149 45.781887 
-142.65851 4.85961 46.35255 
-148.1533 -14.221499 0.0 
-148.1533 -14.221499 0.0 
-142.65851 4.85961 46.35255 
-150.00003 4.97469 0.0 
-119.85852 -14.387609 87.08232 
-121.352585 4.64973 88.16781 
-140.90219 -14.280149 45.781887 
-140.90219 -14.280149 45.781887 
-121.352585 4.64973 88.16781 
-142.65851 4.85961 46.35255 
-87.08232 -14.4129 119.85852 
-88.16781 4.60446 121.35255 
-119.85852 -14.387609 87.08232 
-119.85852 -14.387609 87.08232 
-88.16781 4.60446 121.35255 
-121.352585 4.64973 88.16781 
-87.08232 -14.4129 119.85852 
-45.781887 -14.31687 140.90213 
-88.16781 4.60446 121.35255 
-88.16781 4.60446 121.35255 
-45.781887 -14.31687 140.90213 
-46.35255 4.80315 142.65848 
-45.781887 -14.31687 140.90213 
0.0 -14.238211 148.15327 
-46.35255 4.80315 142.65848 
-46.35255 4.80315 142.65848 
0.0 -14.238211 148.15327 
0.0 4.97469 150.0 
45.78186 -14.31687 140.90213 
46.35255 4.80315 142.65848 
0.0 -14.238211 148.15327 
0.0 -14.238211 148.15327 
46.35255 4.80315 142.65848 
0.0 4.97469 150.0 
87.08229 -14.4129 119.85852 
88.16778 4.60446 121.35255 
45.78186 -14.31687 140.90213 
45.78186 -14.31687 140.90213 
88.16778 4.60446 121.35255 
46.35255 4.80315 142.65848 
87.08229 -14.4129 119.85852 
119.85849 -14.387609 87.08232 
88.16778 4.60446 121.35255 
88.16778 4.60446 121.35255 
119.85849 -14.387609 87.08232 
121.35255 4.64973 88.16778 
119.85849 -14.387609 87.08232 
140.9021 -14.280149 45.78186 
121.35255 4.64973 88.16778 
121.35255 4.64973 88.16778 
140.9021 -14.280149 45.78186 
142.65848 4.85961 46.35255 
140.9021 -14.280149 45.78186 
148.15327 -14.221499 0.0 
142.65848 4.85961 46.35255 
142.65848 4.85961 46.35255 
148.15327 -14.221499 0.0 
150.0 4.97469 0.0 
140.9022 -14.280149 -45.781887 
142.65858 4.85961 -46.35258 
148.15327 -14.221499 0.0 
148.15327 -14.221499 0.0 
142.65858 4.85961 -46.35258 
150.0 4.97469 0.0 
121.35264 4.64973 -88.16784 
119.85858 25.7142 -87.08235 
142.65858 4.85961 -46.35258 
142.65858 4.85961 -46.35258 
119.85858 25.7142 -87.08235 
140.9022 26.02338 -45.781887 
88.16784 4.60446 -121.35261 
87.08235 25.641418 -119.85858 
121.35264 4.64973 -88.16784 
121.35264 4.64973 -88.16784 
87.08235 25.641418 -119.85858 
119.85858 25.7142 -87.08235 
88.16784 4.60446 -121.35261 
46.35258 4.80315 -142.65854 
87.08235 25.641418 -119.85858 
87.08235 25.641418 -119.85858 
46.35258 4.80315 -142.65854 
45.781887 25.917751 -140.9022 
46.35258 4.80315 -142.65854 
0.0 4.97469 -150.00006 
45.781887 25.917751 -140.9022 
45.781887 25.917751 -140.9022 
0.0 4.97469 -150.00006 
0.0 26.144072 -148.15332 
-46.35258 4.80315 -142.65854 
-45.781887 25.917751 -140.90219 
0.0 4.97469 -150.00006 
0.0 4.97469 -150.00006 
-45.781887 25.917751 -140.90219 
0.0 26.144072 -148.15332 
-88.16781 4.60446 -121.352585 
-87.08232 25.641418 -119.85855 
-46.35258 4.80315 -142.65854 
-46.35258 4.80315 -142.65854 
-87.08232 25.641418 -119.85855 
-45.781887 25.917751 -140.90219 
-88.16781 4.60446 -121.352585 
-121.352585 4.64973 -88.16781 
-87.08232 25.641418 -119.85855 
-87.08232 25.641418 -119.85855 
-121.352585 4.64973 -88.16781 
-119.85855 25.7142 -87.08232 
-121.352585 4.64973 -88.16781 
-142.65851 4.85961 -46.35255 
-119.85855 25.7142 -87.08232 
-119.85855 25.7142 -87.08232 
-142.65851 4.85961 -46.35255 
-140.90219 26.02338 -45.781887 
-142.65851 4.85961 -46.35255 
-150.00003 4.97469 0.0 
-140.90219 26.02338 -45.781887 
-140.90219 26.02338 -45.781887 
-150.00003 4.97469 0.0 
-148.1533 26.192131 0.0 
-142.65851 4.85961 46.35255 
-140.90219 26.02338 45.781887 
-150.00003 4.97469 0.0 
-150.00003 4.97469 0.0 
-140.90219 26.02338 45.781887 
-148.1533 26.192131 0.0 
-121.352585 4.64973 88.16781 
-119.85852 25.7142 87.08232 
-142.65851 4.85961 46.35255 
-142.65851 4.85961 46.35255 
-119.85852 25.7142 87.08232 
-140.90219 26.02338 45.781887 
-88.16781 4.60446 121.35255 
-87.08232 25.641418 119.85852 
-121.352585 4.64973 88.16781 
-121.352585 4.64973 88.16781 
-87.08232 25.641418 119.85852 
-119.85852 25.7142 87.08232 
-88.16781 4.60446 121.35255 
-46.35255 4.80315 142.65848 
-87.08232 25.641418 119.85852 
-87.08232 25.641418 119.85852 
-46.35255 4.80315 142.65848 
-45.781887 25.917751 140.90213 
-46.35255 4.80315 142.65848 
0.0 4.97469 150.0 
-45.781887 25.917751 140.90213 
-45.781887 25.917751 140.90213 
0.0 4.97469 150.0 
0.0 26.144072 148.15327 
46.35255 4.80315 142.65848 
45.78186 25.917751 140.90213 
0.0 4.97469 150.0 
0.0 4.97469 150.0 
45.78186 25.917751 140.90213 
0.0 26.144072 148.15327 
88.16778 4.60446 121.35255 
87.08229 25.641418 119.85852 
46.35255 4.80315 142.65848 
46.35255 4.80315 142.65848 
87.08229 25.641418 119.85852 
45.78186 25.917751 140.90213 
88.16778 4.60446 121.35255 
121.35255 4.64973 88.16778 
87.08229 25.641418 119.85852 
87.08229 25.641418 119.85852 
121.35255 4.64973 88.16778 
119.85849 25.7142 87.08232 
121.35255 4.64973 88.16778 
142.65848 4.85961 46.35255 
119.85849 25.7142 87.08232 
119.85849 25.7142 87.08232 
142.65848 4.85961 46.35255 
140.9021 26.02338 45.78186 
142.65848 4.85961 46.35255 
150.0 4.97469 0.0 
140.9021 26.02338 45.78186 
140.9021 26.02338 45.78186 
150.0 4.97469 0.0 
148.15327 26.192131 0.0 
142.65858 4.85961 -46.35258 
140.9022 26.02338 -45.781887 
150.0 4.97469 0.0 
150.0 4.97469 0.0 
140.9022 26.02338 -45.781887 
148.15327 26.192131 0.0 
119.85858 25.7142 -87.08235 
115.41321 48.13839 -83.852615 
140.9022 26.02338 -45.781887 
140.9022 26.02338 -45.781887 
115.41321 48.13839 -83.852615 
135.67638 48.52296 -44.08392 
87.08235 25.641418 -119.85858 
83.852615 48.022976 -115.41321 
119.85858 25.7142 -87.08235 
119.85858 25.7142 -87.08235 
83.852615 48.022976 -115.41321 
115.41321 48.13839 -83.852615 
87.08235 25.641418 -119.85858 
45.781887 25.917751 -140.9022 
83.852615 48.022976 -115.41321 
83.852615 48.022976 -115.41321 
45.781887 25.917751 -140.9022 
44.08392 48.30084 -135.67636 
45.781887 25.917751 -140.9022 
0.0 26.144072 -148.15332 
44.08392 48.30084 -135.67636 
44.08392 48.30084 -135.67636 
0.0 26.144072 -148.15332 
0.0 48.47847 -142.65854 
-45.781887 25.917751 -140.90219 
-44.08392 48.30084 -135.67636 
0.0 26.144072 -148.15332 
0.0 26.144072 -148.15332 
-44.08392 48.30084 -135.67636 
0.0 48.47847 -142.65854 
-87.08232 25.641418 -119.85855 
-83.852585 48.022976 -115.41318 
-45.781887 25.917751 -140.90219 
-45.781887 25.917751 -140.90219 
-83.852585 48.022976 -115.41318 
-44.08392 48.30084 -135.67636 
-87.08232 25.641418 -119.85855 
-119.85855 25.7142 -87.08232 
-83.852585 48.022976 -115.41318 
-83.852585 48.022976 -115.41318 
-119.85855 25.7142 -87.08232 
-115.41318 48.13839 -83.852585 
-119.85855 25.7142 -87.08232 
-140.90219 26.02338 -45.781887 
-115.41318 48.13839 -83.852585 
-115.41318 48.13839 -83.852585 
-140.90219 26.02338 -45.781887 
-135.67632 48.52296 -44.08392 
-140.90219 26.02338 -45.781887 
-148.1533 26.192131 0.0 
-135.67632 48.52296 -44.08392 
-135.67632 48.52296 -44.08392 
-148.1533 26.192131 0.0 
-142.65851 48.729603 0.0 
-140.90219 26.02338 45.781887 
-135.67632 48.52296 44.08392 
-148.1533 26.192131 0.0 
-148.1533 26.192131 0.0 
-135.67632 48.52296 44.08392 
-142.65851 48.729603 0.0 
-119.85852 25.7142 87.08232 
-115.41318 48.13839 83.852585 
-140.90219 26.02338 45.781887 
-140.90219 26.02338 45.781887 
-115.41318 48.13839 83.852585 
-135.67632 48.52296 44.08392 
-87.08232 25.641418 119.85852 
-83.852585 48.022976 115.413155 
-119.85852 25.7142 87.08232 
-119.85852 25.7142 87.08232 
-83.852585 48.022976 115.413155 
-115.41318 48.13839 83.852585 
-87.08232 25.641418 119.85852 
-45.781887 25.917751 140.90213 
-83.852585 48.022976 115.413155 
-83.852585 48.022976 115.413155 
-45.781887 25.917751 140.90213 
-44.08392 48.30084 135.67628 
-45.781887 25.917751 140.90213 
0.0 26.144072 148.15327 
-44.08392 48.30084 135.67628 
-44.08392 48.30084 135.67628 
0.0 26.144072 148.15327 
0.0 48.47847 142.65848 
45.78186 25.917751 140.90213 
44.08389 48.30084 135.67628 
0.0 26.144072 148.15327 
0.0 26.144072 148.15327 
44.08389 48.30084 135.67628 
0.0 48.47847 142.65848 
87.08229 25.641418 119.85852 
83.85255 48.022976 115.413155 
45.78186 25.917751 140.90213 
45.78186 25.917751 140.90213 
83.85255 48.022976 115.413155 
44.08389 48.30084 135.67628 
87.08229 25.641418 119.85852 
119.85849 25.7142 87.08232 
83.85255 48.022976 115.413155 
83.85255 48.022976 115.413155 
119.85849 25.7142 87.08232 
115.413155 48.13839 83.85255 
119.85849 25.7142 87.08232 
140.9021 26.02338 45.78186 
115.413155 48.13839 83.85255 
115.413155 48.13839 83.85255 
140.9021 26.02338 45.78186 
135.67628 48.52296 44.08389 
140.9021 26.02338 45.78186 
148.15327 26.192131 0.0 
135.67628 48.52296 44.08389 
135.67628 48.52296 44.08389 
148.15327 26.192131 0.0 
142.65848 48.729603 0.0 
140.9022 26.02338 -45.781887 
135.67638 48.52296 -44.08392 
148.15327 26.192131 0.0 
148.15327 26.192131 0.0 
135.67638 48.52296 -44.08392 
142.65848 48.729603 0.0 
115.41321 48.13839 -83.852615 
108.126 71.05776 -78.55812 
135.67638 48.52296 -44.08392 
135.67638 48.52296 -44.08392 
108.126 71.05776 -78.55812 
127.109726 71.48115 -41.30046 
83.852615 48.022976 -115.41321 
78.55812 70.877525 -108.12597 
115.41321 48.13839 -83.852615 
115.41321 48.13839 -83.852615 
78.55812 70.877525 -108.12597 
108.126 71.05776 -78.55812 
83.852615 48.022976 -115.41321 
44.08392 48.30084 -135.67636 
78.55812 70.877525 -108.12597 
78.55812 70.877525 -108.12597 
44.08392 48.30084 -135.67636 
41.30046 71.04606 -127.1097 
44.08392 48.30084 -135.67636 
0.0 48.47847 -142.65854 
41.30046 71.04606 -127.1097 
41.30046 71.04606 -127.1097 
0.0 48.47847 -142.65854 
0.0 71.03358 -133.65105 
-44.08392 48.30084 -135.67636 
-41.30046 71.04606 -127.1097 
0.0 48.47847 -142.65854 
0.0 48.47847 -142.65854 
-41.30046 71.04606 -127.1097 
0.0 71.03358 -133.65105 
-83.852585 48.022976 -115.41318 
-78.55812 70.877525 -108.12597 
-44.08392 48.30084 -135.67636 
-44.08392 48.30084 -135.67636 
-78.55812 70.877525 -108.12597 
-41.30046 71.04606 -127.1097 
-83.852585 48.022976 -115.41318 
-115.41318 48.13839 -83.852585 
-78.55812 70.877525 -108.12597 
-78.55812 70.877525 -108.12597 
-115.41318 48.13839 -83.852585 
-108.12594 71.05776 -78.55809 
-115.41318 48.13839 -83.852585 
-135.67632 48.52296 -44.08392 
-108.12594 71.05776 -78.55809 
-108.12594 71.05776 -78.55809 
-135.67632 48.52296 -44.08392 
-127.10967 71.48115 -41.30043 
-135.67632 48.52296 -44.08392 
-142.65851 48.729603 0.0 
-127.10967 71.48115 -41.30043 
-127.10967 71.48115 -41.30043 
-142.65851 48.729603 0.0 
-133.65102 71.7015 0.0 
-135.67632 48.52296 44.08392 
-127.10967 71.48115 41.30043 
-142.65851 48.729603 0.0 
-142.65851 48.729603 0.0 
-127.10967 71.48115 41.30043 
-133.65102 71.7015 0.0 
-115.41318 48.13839 83.852585 
-108.12594 71.05776 78.55809 
-135.67632 48.52296 44.08392 
-135.67632 48.52296 44.08392 
-108.12594 71.05776 78.55809 
-127.10967 71.48115 41.30043 
-83.852585 48.022976 115.413155 
-78.55809 70.877525 108.12594 
-115.41318 48.13839 83.852585 
-115.41318 48.13839 83.852585 
-78.55809 70.877525 108.12594 
-108.12594 71.05776 78.55809 
-83.852585 48.022976 115.413155 
-44.08392 48.30084 135.67628 
-78.55809 70.877525 108.12594 
-78.55809 70.877525 108.12594 
-44.08392 48.30084 135.67628 
-41.30043 71.04606 127.10967 
-44.08392 48.30084 135.67628 
0.0 48.47847 142.65848 
-41.30043 71.04606 127.10967 
-41.30043 71.04606 127.10967 
0.0 48.47847 142.65848 
0.0 71.03358 133.65099 
44.08389 48.30084 135.67628 
41.30043 71.04606 127.10967 
0.0 48.47847 142.65848 
0.0 48.47847 142.65848 
41.30043 71.04606 127.10967 
0.0 71.03358 133.65099 
83.85255 48.022976 115.413155 
78.55809 70.877525 108.12594 
44.08389 48.30084 135.67628 
44.08389 48.30084 135.67628 
78.55809 70.877525 108.12594 
41.30043 71.04606 127.10967 
83.85255 48.022976 115.413155 
115.413155 48.13839 83.85255 
78.55809 70.877525 108.12594 
78.55809 70.877525 108.12594 
115.413155 48.13839 83.85255 
108.12591 71.05776 78.55809 
115.413155 48.13839 83.85255 
135.67628 48.52296 44.08389 
108.12591 71.05776 78.55809 
108.12591 71.05776 78.55809 
135.67628 48.52296 44.08389 
127.109634 71.48115 41.30043 
135.67628 48.52296 44.08389 
142.65848 48.729603 0.0 
127.109634 71.48115 41.30043 
127.109634 71.48115 41.30043 
142.65848 48.729603 0.0 
133.65099 71.7015 0.0 
135.67638 48.52296 -44.08392 
127.109726 71.48115 -41.30046 
142.65848 48.729603 0.0 
142.65848 48.729603 0.0 
127.109726 71.48115 -41.30046 
133.65099 71.7015 0.0 
108.126 71.05776 -78.55812 
98.17635 93.45948 -71.32929 
127.109726 71.48115 -41.30046 
127.109726 71.48115 -41.30046 
98.17635 93.45948 -71.32929 
115.41321 93.88665 -37.500027 
78.55812 70.877525 -108.12597 
71.32929 93.18891 -98.176315 
108.126 71.05776 -78.55812 
108.126 71.05776 -78.55812 
71.32929 93.18891 -98.176315 
98.17635 93.45948 -71.32929 
78.55812 70.877525 -108.12597 
41.30046 71.04606 -127.1097 
71.32929 93.18891 -98.176315 
71.32929 93.18891 -98.176315 
41.30046 71.04606 -127.1097 
37.500027 93.13722 -115.41318 
0.0 71.03358 -133.65105 
0.0 92.8077 -121.35261 
41.30046 71.04606 -127.1097 
41.30046 71.04606 -127.1097 
0.0 92.8077 -121.35261 
37.500027 93.13722 -115.41318 
0.0 71.03358 -133.65105 
-41.30046 71.04606 -127.1097 
0.0 92.8077 -121.35261 
0.0 92.8077 -121.35261 
-41.30046 71.04606 -127.1097 
-37.500027 93.13722 -115.41318 
-78.55812 70.877525 -108.12597 
-71.329254 93.18891 -98.176315 
-41.30046 71.04606 -127.1097 
-41.30046 71.04606 -127.1097 
-71.329254 93.18891 -98.176315 
-37.500027 93.13722 -115.41318 
-78.55812 70.877525 -108.12597 
-108.12594 71.05776 -78.55809 
-71.329254 93.18891 -98.176315 
-71.329254 93.18891 -98.176315 
-108.12594 71.05776 -78.55809 
-98.17629 93.45948 -71.329254 
-108.12594 71.05776 -78.55809 
-127.10967 71.48115 -41.30043 
-98.17629 93.45948 -71.329254 
-98.17629 93.45948 -71.329254 
-127.10967 71.48115 -41.30043 
-115.41318 93.88662 -37.5 
-127.10967 71.48115 -41.30043 
-133.65102 71.7015 0.0 
-115.41318 93.88662 -37.5 
-115.41318 93.88662 -37.5 
-133.65102 71.7015 0.0 
-121.352585 94.09674 0.0 
-127.10967 71.48115 41.30043 
-115.41318 93.88662 37.5 
-133.65102 71.7015 0.0 
-133.65102 71.7015 0.0 
-115.41318 93.88662 37.5 
-121.352585 94.09674 0.0 
-108.12594 71.05776 78.55809 
-98.17629 93.45948 71.329254 
-127.10967 71.48115 41.30043 
-127.10967 71.48115 41.30043 
-98.17629 93.45948 71.329254 
-115.41318 93.88662 37.5 
-78.55809 70.877525 108.12594 
-71.329254 93.18891 98.17629 
-108.12594 71.05776 78.55809 
-108.12594 71.05776 78.55809 
-71.329254 93.18891 98.17629 
-98.17629 93.45948 71.329254 
-78.55809 70.877525 108.12594 
-41.30043 71.04606 127.10967 
-71.329254 93.18891 98.17629 
-71.329254 93.18891 98.17629 
-41.30043 71.04606 127.10967 
-37.5 93.13722 115.413155 
0.0 71.03358 133.65099 
0.0 92.8077 121.35255 
-41.30043 71.04606 127.10967 
-41.30043 71.04606 127.10967 
0.0 92.8077 121.35255 
-37.5 93.13722 115.413155 
0.0 71.03358 133.65099 
41.30043 71.04606 127.10967 
0.0 92.8077 121.35255 
0.0 92.8077 121.35255 
41.30043 71.04606 127.10967 
37.5 93.13722 115.413155 
78.55809 70.877525 108.12594 
71.32923 93.18891 98.17629 
41.30043 71.04606 127.10967 
41.30043 71.04606 127.10967 
71.32923 93.18891 98.17629 
37.5 93.13722 115.413155 
78.55809 70.877525 108.12594 
108.12591 71.05776 78.55809 
71.32923 93.18891 98.17629 
71.32923 93.18891 98.17629 
108.12591 71.05776 78.55809 
98.17626 93.45948 71.32923 
108.12591 71.05776 78.55809 
127.109634 71.48115 41.30043 
98.17626 93.45948 71.32923 
98.17626 93.45948 71.32923 
127.109634 71.48115 41.30043 
115.413155 93.88662 37.5 
127.109634 71.48115 41.30043 
133.65099 71.7015 0.0 
115.413155 93.88662 37.5 
115.413155 93.88662 37.5 
133.65099 71.7015 0.0 
121.35255 94.09674 0.0 
127.109726 71.48115 -41.30046 
115.41321 93.88665 -37.500027 
133.65099 71.7015 0.0 
133.65099 71.7015 0.0 
115.41321 93.88665 -37.500027 
121.35255 94.09674 0.0 
98.17635 93.45948 -71.32929 
85.809265 114.25905 -62.344078 
115.41321 93.88665 -37.500027 
115.41321 93.88665 -37.500027 
85.809265 114.25905 -62.344078 
100.87485 114.66909 -32.77623 
71.32929 93.18891 -98.176315 
62.344078 113.87847 -85.809265 
98.17635 93.45948 -71.32929 
98.17635 93.45948 -71.32929 
62.344078 113.87847 -85.809265 
85.809265 114.25905 -62.344078 
37.500027 93.13722 -115.41318 
32.77623 113.53872 -100.874825 
71.32929 93.18891 -98.176315 
71.32929 93.18891 -98.176315 
32.77623 113.53872 -100.874825 
62.344078 113.87847 -85.809265 
0.0 92.8077 -121.35261 
0.0 112.83885 -106.066086 
37.500027 93.13722 -115.41318 
37.500027 93.13722 -115.41318 
0.0 112.83885 -106.066086 
32.77623 113.53872 -100.874825 
0.0 92.8077 -121.35261 
-37.500027 93.13722 -115.41318 
0.0 112.83885 -106.066086 
0.0 112.83885 -106.066086 
-37.500027 93.13722 -115.41318 
-32.77623 113.53872 -100.874825 
-37.500027 93.13722 -115.41318 
-71.329254 93.18891 -98.176315 
-32.77623 113.53872 -100.874825 
-32.77623 113.53872 -100.874825 
-71.329254 93.18891 -98.176315 
-62.34405 113.87847 -85.809235 
-71.329254 93.18891 -98.176315 
-98.17629 93.45948 -71.329254 
-62.34405 113.87847 -85.809235 
-62.34405 113.87847 -85.809235 
-98.17629 93.45948 -71.329254 
-85.809235 114.25905 -62.34405 
-98.17629 93.45948 -71.329254 
-115.41318 93.88662 -37.5 
-85.809235 114.25905 -62.34405 
-85.809235 114.25905 -62.34405 
-115.41318 93.88662 -37.5 
-100.874825 114.66909 -32.7762 
-115.41318 93.88662 -37.5 
-121.352585 94.09674 0.0 
-100.874825 114.66909 -32.7762 
-100.874825 114.66909 -32.7762 
-121.352585 94.09674 0.0 
-106.066055 114.85362 0.0 
-115.41318 93.88662 37.5 
-100.874825 114.66909 32.7762 
-121.352585 94.09674 0.0 
-121.352585 94.09674 0.0 
-100.874825 114.66909 32.7762 
-106.066055 114.85362 0.0 
-98.17629 93.45948 71.329254 
-85.809235 114.25905 62.34405 
-115.41318 93.88662 37.5 
-115.41318 93.88662 37.5 
-85.809235 114.25905 62.34405 
-100.874825 114.66909 32.7762 
-71.329254 93.18891 98.17629 
-62.34405 113.87847 85.80921 
-98.17629 93.45948 71.329254 
-98.17629 93.45948 71.329254 
-62.34405 113.87847 85.80921 
-85.809235 114.25905 62.34405 
-37.5 93.13722 115.413155 
-32.7762 113.53872 100.874794 
-71.329254 93.18891 98.17629 
-71.329254 93.18891 98.17629 
-32.7762 113.53872 100.874794 
-62.34405 113.87847 85.80921 
0.0 92.8077 121.35255 
0.0 112.83885 106.066025 
-37.5 93.13722 115.413155 
-37.5 93.13722 115.413155 
0.0 112.83885 106.066025 
-32.7762 113.53872 100.874794 
0.0 92.8077 121.35255 
37.5 93.13722 115.413155 
0.0 112.83885 106.066025 
0.0 112.83885 106.066025 
37.5 93.13722 115.413155 
32.7762 113.53872 100.874794 
37.5 93.13722 115.413155 
71.32923 93.18891 98.17629 
32.7762 113.53872 100.874794 
32.7762 113.53872 100.874794 
71.32923 93.18891 98.17629 
62.34405 113.87847 85.80921 
71.32923 93.18891 98.17629 
98.17626 93.45948 71.32923 
62.34405 113.87847 85.80921 
62.34405 113.87847 85.80921 
98.17626 93.45948 71.32923 
85.80921 114.25905 62.34405 
98.17626 93.45948 71.32923 
115.413155 93.88662 37.5 
85.80921 114.25905 62.34405 
85.80921 114.25905 62.34405 
115.413155 93.88662 37.5 
100.874794 114.66909 32.7762 
115.413155 93.88662 37.5 
121.35255 94.09674 0.0 
100.874794 114.66909 32.7762 
100.874794 114.66909 32.7762 
121.35255 94.09674 0.0 
106.066025 114.85362 0.0 
115.41321 93.88665 -37.500027 
100.87485 114.66909 -32.77623 
121.35255 94.09674 0.0 
121.35255 94.09674 0.0 
100.87485 114.66909 -32.77623 
106.066025 114.85362 0.0 
85.809265 114.25905 -62.344078 
71.32929 132.39835 -51.823742 
100.87485 114.66909 -32.77623 
100.87485 114.66909 -32.77623 
71.32929 132.39835 -51.823742 
83.852615 132.78706 -27.245369 
62.344078 113.87847 -85.809265 
51.823742 131.90865 -71.32929 
85.809265 114.25905 -62.344078 
85.809265 114.25905 -62.344078 
51.823742 131.90865 -71.32929 
71.32929 132.39835 -51.823742 
32.77623 113.53872 -100.874825 
27.245369 131.29305 -83.852585 
62.344078 113.87847 -85.809265 
62.344078 113.87847 -85.809265 
27.245369 131.29305 -83.852585 
51.823742 131.90865 -71.32929 
0.0 112.83885 -106.066086 
0.0 130.28508 -88.16784 
32.77623 113.53872 -100.874825 
32.77623 113.53872 -100.874825 
0.0 130.28508 -88.16784 
27.245369 131.29305 -83.852585 
0.0 112.83885 -106.066086 
-32.77623 113.53872 -100.874825 
0.0 130.28508 -88.16784 
0.0 130.28508 -88.16784 
-32.77623 113.53872 -100.874825 
-27.245369 131.29301 -83.852585 
-32.77623 113.53872 -100.874825 
-62.34405 113.87847 -85.809235 
-27.245369 131.29301 -83.852585 
-27.245369 131.29301 -83.852585 
-62.34405 113.87847 -85.809235 
-51.823742 131.90865 -71.329254 
-62.34405 113.87847 -85.809235 
-85.809235 114.25905 -62.34405 
-51.823742 131.90865 -71.329254 
-51.823742 131.90865 -71.329254 
-85.809235 114.25905 -62.34405 
-71.329254 132.39835 -51.823742 
-85.809235 114.25905 -62.34405 
-100.874825 114.66909 -32.7762 
-71.329254 132.39835 -51.823742 
-71.329254 132.39835 -51.823742 
-100.874825 114.66909 -32.7762 
-83.852585 132.78706 -27.24534 
-100.874825 114.66909 -32.7762 
-106.066055 114.85362 0.0 
-83.852585 132.78706 -27.24534 
-83.852585 132.78706 -27.24534 
-106.066055 114.85362 0.0 
-88.16781 132.94302 0.0 
-100.874825 114.66909 32.7762 
-83.852585 132.78706 27.24534 
-106.066055 114.85362 0.0 
-106.066055 114.85362 0.0 
-83.852585 132.78706 27.24534 
-88.16781 132.94302 0.0 
-85.809235 114.25905 62.34405 
-71.329254 132.39835 51.823742 
-100.874825 114.66909 32.7762 
-100.874825 114.66909 32.7762 
-71.329254 132.39835 51.823742 
-83.852585 132.78706 27.24534 
-62.34405 113.87847 85.80921 
-51.823742 131.90865 71.329254 
-85.809235 114.25905 62.34405 
-85.809235 114.25905 62.34405 
-51.823742 131.90865 71.329254 
-71.329254 132.39835 51.823742 
-32.7762 113.53872 100.874794 
-27.24534 131.29305 83.85255 
-62.34405 113.87847 85.80921 
-62.34405 113.87847 85.80921 
-27.24534 131.29305 83.85255 
-51.823742 131.90865 71.329254 
0.0 112.83885 106.066025 
0.0 130.28508 88.16778 
-32.7762 113.53872 100.874794 
-32.7762 113.53872 100.874794 
0.0 130.28508 88.16778 
-27.24534 131.29305 83.85255 
0.0 112.83885 106.066025 
32.7762 113.53872 100.874794 
0.0 130.28508 88.16778 
0.0 130.28508 88.16778 
32.7762 113.53872 100.874794 
27.24534 131.29305 83.85255 
32.7762 113.53872 100.874794 
62.34405 113.87847 85.80921 
27.24534 131.29305 83.85255 
27.24534 131.29305 83.85255 
62.34405 113.87847 85.80921 
51.823742 131.90865 71.32923 
62.34405 113.87847 85.80921 
85.80921 114.25905 62.34405 
51.823742 131.90865 71.32923 
51.823742 131.90865 71.32923 
85.80921 114.25905 62.34405 
71.32923 132.39835 51.823742 
85.80921 114.25905 62.34405 
100.874794 114.66909 32.7762 
71.32923 132.39835 51.823742 
71.32923 132.39835 51.823742 
100.874794 114.66909 32.7762 
83.85255 132.78706 27.24534 
100.874794 114.66909 32.7762 
106.066025 114.85362 0.0 
83.85255 132.78706 27.24534 
83.85255 132.78706 27.24534 
106.066025 114.85362 0.0 
88.16778 132.94302 0.0 
100.87485 114.66909 -32.77623 
83.852615 132.78706 -27.245369 
106.066025 114.85362 0.0 
106.066025 114.85362 0.0 
83.852615 132.78706 -27.245369 
88.16778 132.94302 0.0 
71.32929 132.39835 -51.823742 
55.09293 146.9503 -40.027348 
83.852615 132.78706 -27.245369 
83.852615 132.78706 -27.245369 
55.09293 146.9503 -40.027348 
64.76562 147.3179 -21.04362 
51.823742 131.90865 -71.32929 
40.027348 146.39082 -55.09293 
71.32929 132.39835 -51.823742 
71.32929 132.39835 -51.823742 
40.027348 146.39082 -55.09293 
55.09293 146.9503 -40.027348 
27.245369 131.29305 -83.852585 
21.04362 145.60806 -64.76562 
51.823742 131.90865 -71.32929 
51.823742 131.90865 -71.32929 
21.04362 145.60806 -64.76562 
40.027348 146.39082 -55.09293 
0.0 130.28508 -88.16784 
0.0 144.47382 -68.09862 
27.245369 131.29305 -83.852585 
27.245369 131.29305 -83.852585 
0.0 144.47382 -68.09862 
21.04362 145.60806 -64.76562 
0.0 130.28508 -88.16784 
-27.245369 131.29301 -83.852585 
0.0 144.47382 -68.09862 
0.0 144.47382 -68.09862 
-27.245369 131.29301 -83.852585 
-21.04362 145.60806 -64.76562 
-27.245369 131.29301 -83.852585 
-51.823742 131.90865 -71.329254 
-21.04362 145.60806 -64.76562 
-21.04362 145.60806 -64.76562 
-51.823742 131.90865 -71.329254 
-40.027348 146.39082 -55.09293 
-51.823742 131.90865 -71.329254 
-71.329254 132.39835 -51.823742 
-40.027348 146.39082 -55.09293 
-40.027348 146.39082 -55.09293 
-71.329254 132.39835 -51.823742 
-55.09293 146.9503 -40.027348 
-71.329254 132.39835 -51.823742 
-83.852585 132.78706 -27.24534 
-55.09293 146.9503 -40.027348 
-55.09293 146.9503 -40.027348 
-83.852585 132.78706 -27.24534 
-64.76562 147.3179 -21.04362 
-83.852585 132.78706 -27.24534 
-88.16781 132.94302 0.0 
-64.76562 147.3179 -21.04362 
-64.76562 147.3179 -21.04362 
-88.16781 132.94302 0.0 
-68.09859 147.45041 0.0 
-83.852585 132.78706 27.24534 
-64.76562 147.3179 21.04362 
-88.16781 132.94302 0.0 
-88.16781 132.94302 0.0 
-64.76562 147.3179 21.04362 
-68.09859 147.45041 0.0 
-71.329254 132.39835 51.823742 
-55.09293 146.9503 40.027348 
-83.852585 132.78706 27.24534 
-83.852585 132.78706 27.24534 
-55.09293 146.9503 40.027348 
-64.76562 147.3179 21.04362 
-51.823742 131.90865 71.329254 
-40.027348 146.39082 55.0929 
-71.329254 132.39835 51.823742 
-71.329254 132.39835 51.823742 
-40.027348 146.39082 55.0929 
-55.09293 146.9503 40.027348 
-27.24534 131.29305 83.85255 
-21.04362 145.60806 64.76562 
-51.823742 131.90865 71.329254 
-51.823742 131.90865 71.329254 
-21.04362 145.60806 64.76562 
-40.027348 146.39082 55.0929 
0.0 130.28508 88.16778 
0.0 144.47382 68.09859 
-27.24534 131.29305 83.85255 
-27.24534 131.29305 83.85255 
0.0 144.47382 68.09859 
-21.04362 145.60806 64.76562 
0.0 130.28508 88.16778 
27.24534 131.29305 83.85255 
0.0 144.47382 68.09859 
0.0 144.47382 68.09859 
27.24534 131.29305 83.85255 
21.04362 145.60806 64.765594 
27.24534 131.29305 83.85255 
51.823742 131.90865 71.32923 
21.04362 145.60806 64.765594 
21.04362 145.60806 64.765594 
51.823742 131.90865 71.32923 
40.027348 146.39082 55.0929 
51.823742 131.90865 71.32923 
71.32923 132.39835 51.823742 
40.027348 146.39082 55.0929 
40.027348 146.39082 55.0929 
71.32923 132.39835 51.823742 
55.0929 146.9503 40.027348 
71.32923 132.39835 51.823742 
83.85255 132.78706 27.24534 
55.0929 146.9503 40.027348 
55.0929 146.9503 40.027348 
83.85255 132.78706 27.24534 
64.765594 147.3179 21.04362 
83.85255 132.78706 27.24534 
88.16778 132.94302 0.0 
64.765594 147.3179 21.04362 
64.765594 147.3179 21.04362 
88.16778 132.94302 0.0 
68.09859 147.45041 0.0 
83.852615 132.78706 -27.245369 
64.76562 147.3179 -21.04362 
88.16778 132.94302 0.0 
88.16778 132.94302 0.0 
64.76562 147.3179 -21.04362 
68.09859 147.45041 0.0 
55.09293 146.9503 -40.027348 
37.500027 157.20967 -27.245369 
64.76562 147.3179 -21.04362 
64.76562 147.3179 -21.04362 
37.500027 157.20967 -27.245369 
44.08392 157.53694 -14.32374 
40.027348 146.39082 -55.09293 
27.245369 156.67296 -37.500027 
55.09293 146.9503 -40.027348 
55.09293 146.9503 -40.027348 
27.245369 156.67296 -37.500027 
37.500027 157.20967 -27.245369 
21.04362 145.60806 -64.76562 
14.32374 155.91618 -44.08392 
40.027348 146.39082 -55.09293 
40.027348 146.39082 -55.09293 
14.32374 155.91618 -44.08392 
27.245369 156.67296 -37.500027 
0.0 144.47382 -68.09862 
0.0 154.91692 -46.35258 
21.04362 145.60806 -64.76562 
21.04362 145.60806 -64.76562 
0.0 154.91692 -46.35258 
14.32374 155.91618 -44.08392 
0.0 144.47382 -68.09862 
-21.04362 145.60806 -64.76562 
0.0 154.91692 -46.35258 
0.0 154.91692 -46.35258 
-21.04362 145.60806 -64.76562 
-14.32374 155.91618 -44.08392 
-21.04362 145.60806 -64.76562 
-40.027348 146.39082 -55.09293 
-14.32374 155.91618 -44.08392 
-14.32374 155.91618 -44.08392 
-40.027348 146.39082 -55.09293 
-27.245369 156.67296 -37.5 
-40.027348 146.39082 -55.09293 
-55.09293 146.9503 -40.027348 
-27.245369 156.67296 -37.5 
-27.245369 156.67296 -37.5 
-55.09293 146.9503 -40.027348 
-37.5 157.20967 -27.24534 
-55.09293 146.9503 -40.027348 
-64.76562 147.3179 -21.04362 
-37.5 157.20967 -27.24534 
-37.5 157.20967 -27.24534 
-64.76562 147.3179 -21.04362 
-44.08389 157.53694 -14.32374 
-64.76562 147.3179 -21.04362 
-68.09859 147.45041 0.0 
-44.08389 157.53694 -14.32374 
-44.08389 157.53694 -14.32374 
-68.09859 147.45041 0.0 
-46.35255 157.64801 0.0 
-64.76562 147.3179 21.04362 
-44.08389 157.53694 14.32374 
-68.09859 147.45041 0.0 
-68.09859 147.45041 0.0 
-44.08389 157.53694 14.32374 
-46.35255 157.64801 0.0 
-55.09293 146.9503 40.027348 
-37.5 157.20967 27.24534 
-64.76562 147.3179 21.04362 
-64.76562 147.3179 21.04362 
-37.5 157.20967 27.24534 
-44.08389 157.53694 14.32374 
-40.027348 146.39082 55.0929 
-27.24534 156.67296 37.5 
-55.09293 146.9503 40.027348 
-55.09293 146.9503 40.027348 
-27.24534 156.67296 37.5 
-37.5 157.20967 27.24534 
-21.04362 145.60806 64.76562 
-14.32374 155.91618 44.08389 
-40.027348 146.39082 55.0929 
-40.027348 146.39082 55.0929 
-14.32374 155.91618 44.08389 
-27.24534 156.67296 37.5 
0.0 144.47382 68.09859 
0.0 154.91692 46.35255 
-21.04362 145.60806 64.76562 
-21.04362 145.60806 64.76562 
0.0 154.91692 46.35255 
-14.32374 155.91618 44.08389 
0.0 144.47382 68.09859 
21.04362 145.60806 64.765594 
0.0 154.91692 46.35255 
0.0 154.91692 46.35255 
21.04362 145.60806 64.765594 
14.323709 155.91618 44.08389 
21.04362 145.60806 64.765594 
40.027348 146.39082 55.0929 
14.323709 155.91618 44.08389 
14.323709 155.91618 44.08389 
40.027348 146.39082 55.0929 
27.24534 156.67296 37.5 
40.027348 146.39082 55.0929 
55.0929 146.9503 40.027348 
27.24534 156.67296 37.5 
27.24534 156.67296 37.5 
55.0929 146.9503 40.027348 
37.5 157.20967 27.24534 
55.0929 146.9503 40.027348 
64.765594 147.3179 21.04362 
37.5 157.20967 27.24534 
37.5 157.20967 27.24534 
64.765594 147.3179 21.04362 
44.08389 157.53694 14.32374 
64.765594 147.3179 21.04362 
68.09859 147.45041 0.0 
44.08389 157.53694 14.32374 
44.08389 157.53694 14.32374 
68.09859 147.45041 0.0 
46.35255 157.64801 0.0 
64.76562 147.3179 -21.04362 
44.08392 157.53694 -14.32374 
68.09859 147.45041 0.0 
68.09859 147.45041 0.0 
44.08392 157.53694 -14.32374 
46.35255 157.64801 0.0 
37.500027 157.20967 -27.245369 
18.98373 162.75092 -13.7925 
44.08392 157.53694 -14.32374 
44.08392 157.53694 -14.32374 
18.98373 162.75092 -13.7925 
22.31673 162.97429 -7.25115 
27.245369 156.67296 -37.500027 
13.7925 162.38643 -18.98373 
37.500027 157.20967 -27.245369 
37.500027 157.20967 -27.245369 
13.7925 162.38643 -18.98373 
18.98373 162.75092 -13.7925 
14.32374 155.91618 -44.08392 
7.25115 161.89401 -22.31673 
27.245369 156.67296 -37.500027 
27.245369 156.67296 -37.500027 
7.25115 161.89401 -22.31673 
13.7925 162.38643 -18.98373 
0.0 154.91692 -46.35258 
0.0 161.29741 -23.465189 
14.32374 155.91618 -44.08392 
14.32374 155.91618 -44.08392 
0.0 161.29741 -23.465189 
7.25115 161.89401 -22.31673 
0.0 154.91692 -46.35258 
-14.32374 155.91618 -44.08392 
0.0 161.29741 -23.465189 
0.0 161.29741 -23.465189 
-14.32374 155.91618 -44.08392 
-7.25115 161.89401 -22.3167 
-14.32374 155.91618 -44.08392 
-27.245369 156.67296 -37.5 
-7.25115 161.89401 -22.3167 
-7.25115 161.89401 -22.3167 
-27.245369 156.67296 -37.5 
-13.7925 162.38643 -18.98373 
-27.245369 156.67296 -37.5 
-37.5 157.20967 -27.24534 
-13.7925 162.38643 -18.98373 
-13.7925 162.38643 -18.98373 
-37.5 157.20967 -27.24534 
-18.98373 162.75087 -13.7925 
-37.5 157.20967 -27.24534 
-44.08389 157.53694 -14.32374 
-18.98373 162.75087 -13.7925 
-18.98373 162.75087 -13.7925 
-44.08389 157.53694 -14.32374 
-22.3167 162.97429 -7.25115 
-44.08389 157.53694 -14.32374 
-46.35255 157.64801 0.0 
-22.3167 162.97429 -7.25115 
-22.3167 162.97429 -7.25115 
-46.35255 157.64801 0.0 
-23.465189 163.04953 0.0 
-44.08389 157.53694 14.32374 
-22.3167 162.97429 7.25115 
-46.35255 157.64801 0.0 
-46.35255 157.64801 0.0 
-22.3167 162.97429 7.25115 
-23.465189 163.04953 0.0 
-37.5 157.20967 27.24534 
-18.98373 162.75092 13.792471 
-44.08389 157.53694 14.32374 
-44.08389 157.53694 14.32374 
-18.98373 162.75092 13.792471 
-22.3167 162.97429 7.25115 
-27.24534 156.67296 37.5 
-13.792471 162.38643 18.98373 
-37.5 157.20967 27.24534 
-37.5 157.20967 27.24534 
-13.792471 162.38643 18.98373 
-18.98373 162.75092 13.792471 
-14.32374 155.91618 44.08389 
-7.25115 161.89401 22.3167 
-27.24534 156.67296 37.5 
-27.24534 156.67296 37.5 
-7.25115 161.89401 22.3167 
-13.792471 162.38643 18.98373 
0.0 154.91692 46.35255 
0.0 161.29741 23.465189 
-14.32374 155.91618 44.08389 
-14.32374 155.91618 44.08389 
0.0 161.29741 23.465189 
-7.25115 161.89401 22.3167 
0.0 154.91692 46.35255 
14.323709 155.91618 44.08389 
0.0 161.29741 23.465189 
0.0 161.29741 23.465189 
14.323709 155.91618 44.08389 
7.25115 161.89401 22.3167 
14.323709 155.91618 44.08389 
27.24534 156.67296 37.5 
7.25115 161.89401 22.3167 
7.25115 161.89401 22.3167 
27.24534 156.67296 37.5 
13.792471 162.38643 18.98373 
27.24534 156.67296 37.5 
37.5 157.20967 27.24534 
13.792471 162.38643 18.98373 
13.792471 162.38643 18.98373 
37.5 157.20967 27.24534 
18.98373 162.75092 13.792471 
37.5 157.20967 27.24534 
44.08389 157.53694 14.32374 
18.98373 162.75092 13.792471 
18.98373 162.75092 13.792471 
44.08389 157.53694 14.32374 
22.3167 162.97429 7.25115 
44.08389 157.53694 14.32374 
46.35255 157.64801 0.0 
22.3167 162.97429 7.25115 
22.3167 162.97429 7.25115 
46.35255 157.64801 0.0 
23.46516 163.04953 0.0 
44.08392 157.53694 -14.32374 
22.31673 162.97429 -7.25115 
46.35255 157.64801 0.0 
46.35255 157.64801 0.0 
22.31673 162.97429 -7.25115 
23.46516 163.04953 0.0 
18.98373 -78.50948 -13.7925 
22.31673 -78.56004 -7.25115 
0.0 -78.617195 0.0 
13.7925 -78.426994 -18.98373 
18.98373 -78.50948 -13.7925 
0.0 -78.617195 0.0 
7.25115 -78.31551 -22.31673 
13.7925 -78.426994 -18.98373 
0.0 -78.617195 0.0 
0.0 -78.18045 -23.465189 
7.25115 -78.31551 -22.31673 
0.0 -78.617195 0.0 
-7.25115 -78.31551 -22.3167 
0.0 -78.18045 -23.465189 
0.0 -78.617195 0.0 
-13.7925 -78.426994 -18.98373 
-7.25115 -78.31551 -22.3167 
0.0 -78.617195 0.0 
-18.98373 -78.50946 -13.7925 
-13.7925 -78.426994 -18.98373 
0.0 -78.617195 0.0 
-22.3167 -78.56004 -7.25115 
-18.98373 -78.50946 -13.7925 
0.0 -78.617195 0.0 
-23.465189 -78.57707 0.0 
-22.3167 -78.56004 -7.25115 
0.0 -78.617195 0.0 
-22.3167 -78.56004 7.25115 
-23.465189 -78.57707 0.0 
0.0 -78.617195 0.0 
-18.98373 -78.50948 13.792471 
-22.3167 -78.56004 7.25115 
0.0 -78.617195 0.0 
-13.792471 -78.426994 18.98373 
-18.98373 -78.50948 13.792471 
0.0 -78.617195 0.0 
-7.25115 -78.31551 22.3167 
-13.792471 -78.426994 18.98373 
0.0 -78.617195 0.0 
0.0 -78.18045 23.465189 
-7.25115 -78.31551 22.3167 
0.0 -78.617195 0.0 
7.25115 -78.31551 22.3167 
0.0 -78.18045 23.465189 
0.0 -78.617195 0.0 
13.792471 -78.426994 18.98373 
7.25115 -78.31551 22.3167 
0.0 -78.617195 0.0 
18.98373 -78.50948 13.792471 
13.792471 -78.426994 18.98373 
0.0 -78.617195 0.0 
22.3167 -78.56004 7.25115 
18.98373 -78.50948 13.792471 
0.0 -78.617195 0.0 
23.46516 -78.57707 0.0 
22.3167 -78.56004 7.25115 
0.0 -78.617195 0.0 
22.31673 -78.56004 -7.25115 
23.46516 -78.57707 0.0 
0.0 -78.617195 0.0 
22.31673 162.97429 -7.25115 
18.98373 162.75092 -13.7925 
0.0 163.44237 0.0 
18.98373 162.75092 -13.7925 
13.7925 162.38643 -18.98373 
0.0 163.44237 0.0 
13.7925 162.38643 -18.98373 
7.25115 161.89401 -22.31673 
0.0 163.44237 0.0 
7.25115 161.89401 -22.31673 
0.0 161.29741 -23.465189 
0.0 163.44237 0.0 
0.0 161.29741 -23.465189 
-7.25115 161.89401 -22.3167 
0.0 163.44237 0.0 
-7.25115 161.89401 -22.3167 
-13.7925 162.38643 -18.98373 
0.0 163.44237 0.0 
-13.7925 162.38643 -18.98373 
-18.98373 162.75087 -13.7925 
0.0 163.44237 0.0 
-18.98373 162.75087 -13.7925 
-22.3167 162.97429 -7.25115 
0.0 163.44237 0.0 
-22.3167 162.97429 -7.25115 
-23.465189 163.04953 0.0 
0.0 163.44237 0.0 
-23.465189 163.04953 0.0 
-22.3167 162.97429 7.25115 
0.0 163.44237 0.0 
-22.3167 162.97429 7.25115 
-18.98373 162.75092 13.792471 
0.0 163.44237 0.0 
-18.98373 162.75092 13.792471 
-13.792471 162.38643 18.98373 
0.0 163.44237 0.0 
-13.792471 162.38643 18.98373 
-7.25115 161.89401 22.3167 
0.0 163.44237 0.0 
-7.25115 161.89401 22.3167 
0.0 161.29741 23.465189 
0.0 163.44237 0.0 
0.0 161.29741 23.465189 
7.25115 161.89401 22.3167 
0.0 163.44237 0.0 
7.25115 161.89401 22.3167 
13.792471 162.38643 18.98373 
0.0 163.44237 0.0 
13.792471 162.38643 18.98373 
18.98373 162.75092 13.792471 
0.0 163.44237 0.0 
18.98373 162.75092 13.792471 
22.3167 162.97429 7.25115 
0.0 163.44237 0.0 
22.3167 162.97429 7.25115 
23.46516 163.04953 0.0 
0.0 163.44237 0.0 
23.46516 163.04953 0.0 
22.31673 162.97429 -7.25115 
0.0 163.44237 0.0 