22.316730 -78.560043 -7.251150
18.983730 -78.509483 -13.792500
13.792500 -78.426994 -18.983730
7.251150 -78.315514 -22.316730
0.000000 -78.180450 -23.465189
-7.251150 -78.315514 -22.316700
-13.792500 -78.426994 -18.983730
-18.983730 -78.509460 -13.792500
-22.316700 -78.560043 -7.251150
-23.465189 -78.577072 0.000000
-22.316700 -78.560043 7.251150
-18.983730 -78.509483 13.792471
-13.792471 -78.426994 18.983730
-7.251150 -78.315514 22.316700
0.000000 -78.180450 23.465189
7.251150 -78.315514 22.316700
13.792471 -78.426994 18.983730
18.983730 -78.509483 13.792471
22.316700 -78.560043 7.251150
23.465160 -78.577072 0.000000
44.083920 -77.384247 -14.323740
37.500027 -77.310364 -27.245369
27.245369 -77.189163 -37.500027
14.323740 -77.018280 -44.083920
0.000000 -76.792618 -46.352581
-14.323740 -77.018280 -44.083920
-27.245369 -77.189163 -37.500000
-37.500000 -77.310364 -27.245340
-44.083889 -77.384247 -14.323740
-46.352551 -77.409363 0.000000
-44.083889 -77.384247 14.323740
-37.500000 -77.310364 27.245340
-27.245340 -77.189163 37.500000
-14.323740 -77.018280 44.083889
0.000000 -76.792618 46.352551
14.323709 -77.018280 44.083889
27.245340 -77.189163 37.500000
37.500000 -77.310364 27.245340
44.083889 -77.384247 14.323740
46.352551 -77.409363 0.000000
64.765617 -74.865265 -21.043619
55.092930 -74.783218 -40.027348
40.027348 -74.658302 -55.092930
21.043619 -74.483551 -64.765617
0.000000 -74.230316 -68.098618
-21.043619 -74.483551 -64.765617
-40.027348 -74.658302 -55.092930
-55.092930 -74.783218 -40.027348
-64.765617 -74.865265 -21.043619
-68.098587 -74.894882 0.000000
-64.765617 -74.865265 21.043619
-55.092930 -74.783218 40.027348
-40.027348 -74.658302 55.092899
-21.043619 -74.483551 64.765617
0.000000 -74.230316 68.098587
21.043619 -74.483551 64.765594
40.027348 -74.658302 55.092899
55.092899 -74.783218 40.027348
64.765594 -74.865265 21.043619
68.098587 -74.894882 0.000000
83.852615 -70.693085 -27.245369
71.329292 -70.609169 -51.823742
51.823742 -70.503510 -71.329292
27.245369 -70.370644 -83.852585
0.000000 -70.153145 -88.167839
-27.245369 -70.370644 -83.852585
-51.823742 -70.503510 -71.329254
-71.329254 -70.609169 -51.823742
-83.852585 -70.693085 -27.245340
-88.167809 -70.726738 0.000000
-83.852585 -70.693085 27.245340
-71.329254 -70.609169 51.823742
-51.823742 -70.503510 71.329254
-27.245340 -70.370644 83.852547
0.000000 -70.153145 88.167778
27.245340 -70.370644 83.852547
51.823742 -70.503510 71.329231
71.329231 -70.609169 51.823742
83.852547 -70.693085 27.245340
88.167778 -70.726738 0.000000
100.874847 -64.514641 -32.776230
85.809265 -64.433342 -62.344078
62.344078 -64.357857 -85.809265
32.776230 -64.290482 -100.874825
0.000000 -64.151703 -106.066086
-32.776230 -64.290482 -100.874825
-62.344051 -64.357857 -85.809235
-85.809235 -64.433342 -62.344051
-100.874825 -64.514641 -32.776199
-106.066055 -64.551239 0.000000
-100.874825 -64.514641 32.776199
-85.809235 -64.433342 62.344051
-62.344051 -64.357857 85.809212
-32.776199 -64.290482 100.874794
0.000000 -64.151703 106.066025
32.776199 -64.290482 100.874794
62.344051 -64.357857 85.809212
85.809212 -64.433342 62.344051
100.874794 -64.514641 32.776199
106.066025 -64.551239 0.000000
115.413208 -55.987831 -37.500027
98.176353 -55.918861 -71.329292
71.329292 -55.875183 -98.176315
37.500027 -55.866810 -115.413177
0.000000 -55.813618 -121.352608
-37.500027 -55.866810 -115.413177
-71.329254 -55.875183 -98.176315
-98.176292 -55.918861 -71.329254
-115.413177 -55.987831 -37.500000
-121.352585 -56.021759 0.000000
-115.413177 -55.987831 37.500000
-98.176292 -55.918861 71.329254
-71.329254 -55.875183 98.176292
-37.500000 -55.866810 115.413155
0.000000 -55.813618 121.352547
37.500000 -55.866810 115.413155
71.329231 -55.875183 98.176292
98.176262 -55.918861 71.329231
115.413155 -55.987831 37.500000
121.352547 -56.021759 0.000000
127.109726 -44.840458 -41.300461
108.125999 -44.803112 -78.558121
78.558121 -44.787212 -108.125969
41.300461 -44.802059 -127.109703
0.000000 -44.800980 -133.651047
-41.300461 -44.802059 -127.109703
-78.558121 -44.787212 -108.125969
-108.125938 -44.803112 -78.558090
-127.109673 -44.840458 -41.300430
-133.651016 -44.859871 0.000000
-127.109673 -44.840458 41.300430
-108.125938 -44.803112 78.558090
-78.558090 -44.787212 108.125938
-41.300430 -44.802059 127.109673
0.000000 -44.800980 133.650986
41.300430 -44.802059 127.109673
78.558090 -44.787212 108.125938
108.125908 -44.803112 78.558090
127.109634 -44.840458 41.300430
133.650986 -44.859871 0.000000
135.676376 -30.927479 -44.083920
115.413208 -30.948931 -83.852615
83.852615 -30.955379 -115.413208
44.083920 -30.939871 -135.676361
0.000000 -30.929968 -142.658539
-44.083920 -30.939871 -135.676361
-83.852585 -30.955379 -115.413177
-115.413177 -30.948931 -83.852585
-135.676315 -30.927479 -44.083920
-142.658508 -30.915960 0.000000
-135.676315 -30.927479 44.083920
-115.413177 -30.948931 83.852585
-83.852585 -30.955379 115.413155
-44.083920 -30.939871 135.676285
0.000000 -30.929968 142.658478
44.083889 -30.939871 135.676285
83.852547 -30.955379 115.413155
115.413155 -30.948931 83.852547
135.676285 -30.927479 44.083889
142.658478 -30.915960 0.000000
140.902206 -14.280149 -45.781887
119.858582 -14.387609 -87.082352
87.082352 -14.412900 -119.858582
45.781887 -14.316870 -140.902206
0.000000 -14.238211 -148.153320
-45.781887 -14.316870 -140.902191
-87.082321 -14.412900 -119.858551
-119.858551 -14.387609 -87.082321
-140.902191 -14.280149 -45.781887
-148.153305 -14.221499 0.000000
-140.902191 -14.280149 45.781887
-119.858521 -14.387609 87.082321
-87.082321 -14.412900 119.858521
-45.781887 -14.316870 140.902130
0.000000 -14.238211 148.153275
45.781860 -14.316870 140.902130
87.082291 -14.412900 119.858521
119.858490 -14.387609 87.082321
140.902100 -14.280149 45.781860
148.153275 -14.221499 0.000000
142.658585 4.859610 -46.352581
121.352638 4.649730 -88.167839
88.167839 4.604460 -121.352608
46.352581 4.803150 -142.658539
0.000000 4.974690 -150.000061
-46.352581 4.803150 -142.658539
-88.167809 4.604460 -121.352585
-121.352585 4.649730 -88.167809
-142.658508 4.859610 -46.352551
-150.000031 4.974690 0.000000
-142.658508 4.859610 46.352551
-121.352585 4.649730 88.167809
-88.167809 4.604460 121.352547
-46.352551 4.803150 142.658478
0.000000 4.974690 150.000000
46.352551 4.803150 142.658478
88.167778 4.604460 121.352547
121.352547 4.649730 88.167778
142.658478 4.859610 46.352551
150.000000 4.974690 0.000000
140.902206 26.023380 -45.781887
119.858582 25.714199 -87.082352
87.082352 25.641418 -119.858582
45.781887 25.917751 -140.902206
0.000000 26.144072 -148.153320
-45.781887 25.917751 -140.902191
-87.082321 25.641418 -119.858551
-119.858551 25.714199 -87.082321
-140.902191 26.023380 -45.781887
-148.153305 26.192131 0.000000
-140.902191 26.023380 45.781887
-119.858521 25.714199 87.082321
-87.082321 25.641418 119.858521
-45.781887 25.917751 140.902130
0.000000 26.144072 148.153275
45.781860 25.917751 140.902130
87.082291 25.641418 119.858521
119.858490 25.714199 87.082321
140.902100 26.023380 45.781860
148.153275 26.192131 0.000000
135.676376 48.522961 -44.083920
115.413208 48.138390 -83.852615
83.852615 48.022976 -115.413208
44.083920 48.300838 -135.676361
0.000000 48.478470 -142.658539
-44.083920 48.300838 -135.676361
-83.852585 48.022976 -115.413177
-115.413177 48.138390 -83.852585
-135.676315 48.522961 -44.083920
-142.658508 48.729603 0.000000
-135.676315 48.522961 44.083920
-115.413177 48.138390 83.852585
-83.852585 48.022976 115.413155
-44.083920 48.300838 135.676285
0.000000 48.478470 142.658478
44.083889 48.300838 135.676285
83.852547 48.022976 115.413155
115.413155 48.138390 83.852547
135.676285 48.522961 44.083889
142.658478 48.729603 0.000000
127.109726 71.481148 -41.300461
108.125999 71.057762 -78.558121
78.558121 70.877525 -108.125969
41.300461 71.046059 -127.109703
0.000000 71.033577 -133.651047
-41.300461 71.046059 -127.109703
-78.558121 70.877525 -108.125969
-108.125938 71.057762 -78.558090
-127.109673 71.481148 -41.300430
-133.651016 71.701500 0.000000
-127.109673 71.481148 41.300430
-108.125938 71.057762 78.558090
-78.558090 70.877525 108.125938
-41.300430 71.046059 127.109673
0.000000 71.033577 133.650986
41.300430 71.046059 127.109673
78.558090 70.877525 108.125938
108.125908 71.057762 78.558090
127.109634 71.481148 41.300430
133.650986 71.701500 0.000000
115.413208 93.886650 -37.500027
98.176353 93.459480 -71.329292
71.329292 93.188911 -98.176315
37.500027 93.137222 -115.413177
0.000000 92.807701 -121.352608
-37.500027 93.137222 -115.413177
-71.329254 93.188911 -98.176315
-98.176292 93.459480 -71.329254
-115.413177 93.886620 -37.500000
-121.352585 94.096741 0.000000
-115.413177 93.886620 37.500000
-98.176292 93.459480 71.329254
-71.329254 93.188911 98.176292
-37.500000 93.137222 115.413155
0.000000 92.807701 121.352547
37.500000 93.137222 115.413155
71.329231 93.188911 98.176292
98.176262 93.459480 71.329231
115.413155 93.886620 37.500000
121.352547 94.096741 0.000000
100.874847 114.669090 -32.776230
85.809265 114.259048 -62.344078
62.344078 113.878471 -85.809265
32.776230 113.538719 -100.874825
0.000000 112.838852 -106.066086
-32.776230 113.538719 -100.874825
-62.344051 113.878471 -85.809235
-85.809235 114.259048 -62.344051
-100.874825 114.669090 -32.776199
-106.066055 114.853622 0.000000
-100.874825 114.669090 32.776199
-85.809235 114.259048 62.344051
-62.344051 113.878471 85.809212
-32.776199 113.538719 100.874794
0.000000 112.838852 106.066025
32.776199 113.538719 100.874794
62.344051 113.878471 85.809212
85.809212 114.259048 62.344051
100.874794 114.669090 32.776199
106.066025 114.853622 0.000000
83.852615 132.787064 -27.245369
71.329292 132.398346 -51.823742
51.823742 131.908646 -71.329292
27.245369 131.293045 -83.852585
0.000000 130.285080 -88.167839
-27.245369 131.293015 -83.852585
-51.823742 131.908646 -71.329254
-71.329254 132.398346 -51.823742
-83.852585 132.787064 -27.245340
-88.167809 132.943024 0.000000
-83.852585 132.787064 27.245340
-71.329254 132.398346 51.823742
-51.823742 131.908646 71.329254
-27.245340 131.293045 83.852547
0.000000 130.285080 88.167778
27.245340 131.293045 83.852547
51.823742 131.908646 71.329231
71.329231 132.398346 51.823742
83.852547 132.787064 27.245340
88.167778 132.943024 0.000000
64.765617 147.317902 -21.043619
55.092930 146.950302 -40.027348
40.027348 146.390823 -55.092930
21.043619 145.608063 -64.765617
0.000000 144.473816 -68.098618
-21.043619 145.608063 -64.765617
-40.027348 146.390823 -55.092930
-55.092930 146.950302 -40.027348
-64.765617 147.317902 -21.043619
-68.098587 147.450409 0.000000
-64.765617 147.317902 21.043619
-55.092930 146.950302 40.027348
-40.027348 146.390823 55.092899
-21.043619 145.608063 64.765617
0.000000 144.473816 68.098587
21.043619 145.608063 64.765594
40.027348 146.390823 55.092899
55.092899 146.950302 40.027348
64.765594 147.317902 21.043619
68.098587 147.450409 0.000000
44.083920 157.536942 -14.323740
37.500027 157.209671 -27.245369
27.245369 156.672958 -37.500027
14.323740 155.916183 -44.083920
0.000000 154.916916 -46.352581
-14.323740 155.916183 -44.083920
-27.245369 156.672958 -37.500000
-37.500000 157.209671 -27.245340
-44.083889 157.536942 -14.323740
-46.352551 157.648010 0.000000
-44.083889 157.536942 14.323740
-37.500000 157.209671 27.245340
-27.245340 156.672958 37.500000
-14.323740 155.916183 44.083889
0.000000 154.916916 46.352551
14.323709 155.916183 44.083889
27.245340 156.672958 37.500000
37.500000 157.209671 27.245340
44.083889 157.536942 14.323740
46.352551 157.648010 0.000000
22.316730 162.974289 -7.251150
18.983730 162.750916 -13.792500
13.792500 162.386429 -18.983730
7.251150 161.894012 -22.316730
0.000000 161.297409 -23.465189
-7.251150 161.894012 -22.316700
-13.792500 162.386429 -18.983730
-18.983730 162.750870 -13.792500
-22.316700 162.974289 -7.251150
-23.465189 163.049530 0.000000
-22.316700 162.974289 7.251150
-18.983730 162.750916 13.792471
-13.792471 162.386429 18.983730
-7.251150 161.894012 22.316700
0.000000 161.297409 23.465189
7.251150 161.894012 22.316700
13.792471 162.386429 18.983730
18.983730 162.750916 13.792471
22.316700 162.974289 7.251150
23.465160 163.049530 0.000000
0.000000 -78.617195 0.000000
0.000000 163.442368 0.000000