0.028346 -0.999513 -0.013055
0.021715 -0.999437 -0.025584
0.083232 -0.996104 -0.029128
0.083232 -0.996104 -0.029128
0.021715 -0.999437 -0.025584
0.068859 -0.996032 -0.056390
0.021715 -0.999437 -0.025584
0.011029 -0.999311 -0.035452
0.068859 -0.996032 -0.056390
0.068859 -0.996032 -0.056390
0.011029 -0.999311 -0.035452
0.046102 -0.995927 -0.077486
0.011029 -0.999311 -0.035452
-0.002716 -0.999132 -0.041576
0.046102 -0.995927 -0.077486
0.046102 -0.995927 -0.077486
-0.002716 -0.999132 -0.041576
0.017117 -0.995771 -0.090267
-0.002716 -0.999132 -0.041576
0.000000 -0.998988 -0.044970
0.017117 -0.995771 -0.090267
0.017117 -0.995771 -0.090267
0.000000 -0.998988 -0.044970
0.000000 -0.995502 -0.094740
0.002716 -0.999132 -0.041577
-0.017117 -0.995771 -0.090267
0.000000 -0.998988 -0.044970
0.000000 -0.998988 -0.044970
-0.017117 -0.995771 -0.090267
0.000000 -0.995502 -0.094740
-0.008635 -0.999363 -0.034623
-0.046495 -0.995835 -0.078430
0.002716 -0.999132 -0.041577
0.002716 -0.999132 -0.041577
-0.046495 -0.995835 -0.078430
-0.017117 -0.995771 -0.090267
-0.008635 -0.999363 -0.034623
-0.020400 -0.999439 -0.026581
-0.046495 -0.995835 -0.078430
-0.046495 -0.995835 -0.078430
-0.020400 -0.999439 -0.026581
-0.066460 -0.996160 -0.056998
-0.020400 -0.999439 -0.026581
-0.027635 -0.999514 -0.014454
-0.066460 -0.996160 -0.056998
-0.066460 -0.996160 -0.056998
-0.027635 -0.999514 -0.014454
-0.082355 -0.996102 -0.031598
-0.027635 -0.999514 -0.014454
-0.030365 -0.999539 -0.000776
-0.082355 -0.996102 -0.031598
-0.082355 -0.996102 -0.031598
-0.030365 -0.999539 -0.000776
-0.087874 -0.996131 -0.001334
-0.030365 -0.999539 -0.000776
-0.028346 -0.999513 0.013055
-0.087874 -0.996131 -0.001334
-0.087874 -0.996131 -0.001334
-0.028346 -0.999513 0.013055
-0.083232 -0.996104 0.029128
-0.028346 -0.999513 0.013055
-0.021715 -0.999437 0.025584
-0.083232 -0.996104 0.029128
-0.083232 -0.996104 0.029128
-0.021715 -0.999437 0.025584
-0.068859 -0.996032 0.056389
-0.021715 -0.999437 0.025584
-0.011029 -0.999311 0.035452
-0.068859 -0.996032 0.056389
-0.068859 -0.996032 0.056389
-0.011029 -0.999311 0.035452
-0.046102 -0.995927 0.077486
-0.011029 -0.999311 0.035452
0.002716 -0.999132 0.041577
-0.046102 -0.995927 0.077486
-0.046102 -0.995927 0.077486
0.002716 -0.999132 0.041577
-0.017117 -0.995771 0.090267
0.002716 -0.999132 0.041577
0.000000 -0.998988 0.044970
-0.017117 -0.995771 0.090267
-0.017117 -0.995771 0.090267
0.000000 -0.998988 0.044970
0.000000 -0.995502 0.094741
-0.002716 -0.999132 0.041577
0.017117 -0.995771 0.090267
0.000000 -0.998988 0.044970
0.000000 -0.998988 0.044970
0.017117 -0.995771 0.090267
0.000000 -0.995502 0.094741
0.008635 -0.999363 0.034623
0.046495 -0.995835 0.078430
-0.002716 -0.999132 0.041577
-0.002716 -0.999132 0.041577
0.046495 -0.995835 0.078430
0.017117 -0.995771 0.090267
0.008635 -0.999363 0.034623
0.020400 -0.999439 0.026581
0.046495 -0.995835 0.078430
0.046495 -0.995835 0.078430
0.020400 -0.999439 0.026581
0.066460 -0.996160 0.056998
0.020400 -0.999439 0.026581
0.027635 -0.999514 0.014454
0.066460 -0.996160 0.056998
0.066460 -0.996160 0.056998
0.027635 -0.999514 0.014454
0.082355 -0.996102 0.031598
0.027635 -0.999514 0.014454
0.030365 -0.999539 0.000775
0.082355 -0.996102 0.031598
0.082355 -0.996102 0.031598
0.030365 -0.999539 0.000775
0.087874 -0.996131 0.001334
0.030365 -0.999539 0.000775
0.028346 -0.999513 -0.013055
0.087874 -0.996131 0.001334
0.087874 -0.996131 0.001334
0.028346 -0.999513 -0.013055
0.083232 -0.996104 -0.029128
0.083232 -0.996104 -0.029128
0.068859 -0.996032 -0.056390
0.157236 -0.986209 -0.051661
0.157236 -0.986209 -0.051661
0.068859 -0.996032 -0.056390
0.132455 -0.986175 -0.099572
0.068859 -0.996032 -0.056390
0.046102 -0.995927 -0.077486
0.132455 -0.986175 -0.099572
0.132455 -0.986175 -0.099572
0.046102 -0.995927 -0.077486
0.093410 -0.986232 -0.136460
0.046102 -0.995927 -0.077486
0.017117 -0.995771 -0.090267
0.093410 -0.986232 -0.136460
0.093410 -0.986232 -0.136460
0.017117 -0.995771 -0.090267
0.043858 -0.986364 -0.158629
0.017117 -0.995771 -0.090267
0.000000 -0.995502 -0.094740
0.043858 -0.986364 -0.158629
0.043858 -0.986364 -0.158629
0.000000 -0.995502 -0.094740
0.000000 -0.986252 -0.165249
-0.017117 -0.995771 -0.090267
-0.043858 -0.986364 -0.158629
0.000000 -0.995502 -0.094740
0.000000 -0.995502 -0.094740
-0.043858 -0.986364 -0.158629
0.000000 -0.986252 -0.165249
-0.046495 -0.995835 -0.078430
-0.093410 -0.986232 -0.136460
-0.017117 -0.995771 -0.090267
-0.017117 -0.995771 -0.090267
-0.093410 -0.986232 -0.136460
-0.043858 -0.986364 -0.158629
-0.066460 -0.996160 -0.056998
-0.133383 -0.985913 -0.100920
-0.046495 -0.995835 -0.078430
-0.046495 -0.995835 -0.078430
-0.133383 -0.985913 -0.100920
-0.093410 -0.986232 -0.136460
-0.066460 -0.996160 -0.056998
-0.082355 -0.996102 -0.031598
-0.133383 -0.985913 -0.100920
-0.133383 -0.985913 -0.100920
-0.082355 -0.996102 -0.031598
-0.154779 -0.986491 -0.053650
-0.082355 -0.996102 -0.031598
-0.087874 -0.996131 -0.001334
-0.154779 -0.986491 -0.053650
-0.154779 -0.986491 -0.053650
-0.087874 -0.996131 -0.001334
-0.165344 -0.986234 -0.002042
-0.087874 -0.996131 -0.001334
-0.083232 -0.996104 0.029128
-0.165344 -0.986234 -0.002042
-0.165344 -0.986234 -0.002042
-0.083232 -0.996104 0.029128
-0.157236 -0.986209 0.051662
-0.083232 -0.996104 0.029128
-0.068859 -0.996032 0.056389
-0.157236 -0.986209 0.051662
-0.157236 -0.986209 0.051662
-0.068859 -0.996032 0.056389
-0.132455 -0.986175 0.099572
-0.068859 -0.996032 0.056389
-0.046102 -0.995927 0.077486
-0.132455 -0.986175 0.099572
-0.132455 -0.986175 0.099572
-0.046102 -0.995927 0.077486
-0.093410 -0.986232 0.136460
-0.046102 -0.995927 0.077486
-0.017117 -0.995771 0.090267
-0.093410 -0.986232 0.136460
-0.093410 -0.986232 0.136460
-0.017117 -0.995771 0.090267
-0.043858 -0.986364 0.158629
-0.017117 -0.995771 0.090267
0.000000 -0.995502 0.094741
-0.043858 -0.986364 0.158629
-0.043858 -0.986364 0.158629
0.000000 -0.995502 0.094741
0.000000 -0.986252 0.165249
0.017117 -0.995771 0.090267
0.043858 -0.986364 0.158629
0.000000 -0.995502 0.094741
0.000000 -0.995502 0.094741
0.043858 -0.986364 0.158629
0.000000 -0.986252 0.165249
0.046495 -0.995835 0.078430
0.093410 -0.986232 0.136460
0.017117 -0.995771 0.090267
0.017117 -0.995771 0.090267
0.093410 -0.986232 0.136460
0.043858 -0.986364 0.158629
0.066460 -0.996160 0.056998
0.133383 -0.985913 0.100920
0.046495 -0.995835 0.078430
0.046495 -0.995835 0.078430
0.133383 -0.985913 0.100920
0.093410 -0.986232 0.136460
0.066460 -0.996160 0.056998
0.082355 -0.996102 0.031598
0.133383 -0.985913 0.100920
0.133383 -0.985913 0.100920
0.082355 -0.996102 0.031598
0.154780 -0.986491 0.053650
0.082355 -0.996102 0.031598
0.087874 -0.996131 0.001334
0.154780 -0.986491 0.053650
0.154780 -0.986491 0.053650
0.087874 -0.996131 0.001334
0.165344 -0.986234 0.002042
0.087874 -0.996131 0.001334
0.083232 -0.996104 -0.029128
0.165344 -0.986234 0.002042
0.165344 -0.986234 0.002042
0.083232 -0.996104 -0.029128
0.157236 -0.986209 -0.051661
0.157236 -0.986209 -0.051661
0.132455 -0.986175 -0.099572
0.259603 -0.962089 -0.083610
0.259603 -0.962089 -0.083610
0.132455 -0.986175 -0.099572
0.220229 -0.962117 -0.160718
0.132455 -0.986175 -0.099572
0.093410 -0.986232 -0.136460
0.220229 -0.962117 -0.160718
0.220229 -0.962117 -0.160718
0.093410 -0.986232 -0.136460
0.158460 -0.962463 -0.220353
0.093410 -0.986232 -0.136460
0.043858 -0.986364 -0.158629
0.158460 -0.962463 -0.220353
0.158460 -0.962463 -0.220353
0.043858 -0.986364 -0.158629
0.080212 -0.963172 -0.256644
0.043858 -0.986364 -0.158629
0.000000 -0.986252 -0.165249
0.080212 -0.963172 -0.256644
0.080212 -0.963172 -0.256644
0.000000 -0.986252 -0.165249
0.000000 -0.963650 -0.267168
-0.043858 -0.986364 -0.158629
-0.080212 -0.963172 -0.256644
0.000000 -0.986252 -0.165249
0.000000 -0.986252 -0.165249
-0.080212 -0.963172 -0.256644
0.000000 -0.963650 -0.267168
-0.093410 -0.986232 -0.136460
-0.158460 -0.962463 -0.220353
-0.043858 -0.986364 -0.158629
-0.043858 -0.986364 -0.158629
-0.158460 -0.962463 -0.220353
-0.080212 -0.963172 -0.256644
-0.133383 -0.985913 -0.100920
-0.220229 -0.962117 -0.160718
-0.093410 -0.986232 -0.136460
-0.093410 -0.986232 -0.136460
-0.220229 -0.962117 -0.160718
-0.158460 -0.962463 -0.220353
-0.154779 -0.986491 -0.053650
-0.258639 -0.962112 -0.086291
-0.133383 -0.985913 -0.100920
-0.133383 -0.985913 -0.100920
-0.258639 -0.962112 -0.086291
-0.220229 -0.962117 -0.160718
-0.154779 -0.986491 -0.053650
-0.165344 -0.986234 -0.002042
-0.258639 -0.962112 -0.086291
-0.258639 -0.962112 -0.086291
-0.165344 -0.986234 -0.002042
-0.272606 -0.962122 -0.002782
-0.165344 -0.986234 -0.002042
-0.157236 -0.986209 0.051662
-0.272606 -0.962122 -0.002782
-0.272606 -0.962122 -0.002782
-0.157236 -0.986209 0.051662
-0.259603 -0.962089 0.083610
-0.157236 -0.986209 0.051662
-0.132455 -0.986175 0.099572
-0.259603 -0.962089 0.083610
-0.259603 -0.962089 0.083610
-0.132455 -0.986175 0.099572
-0.220229 -0.962117 0.160718
-0.132455 -0.986175 0.099572
-0.093410 -0.986232 0.136460
-0.220229 -0.962117 0.160718
-0.220229 -0.962117 0.160718
-0.093410 -0.986232 0.136460
-0.158460 -0.962463 0.220353
-0.093410 -0.986232 0.136460
-0.043858 -0.986364 0.158629
-0.158460 -0.962463 0.220353
-0.158460 -0.962463 0.220353
-0.043858 -0.986364 0.158629
-0.080212 -0.963172 0.256644
-0.043858 -0.986364 0.158629
0.000000 -0.986252 0.165249
-0.080212 -0.963172 0.256644
-0.080212 -0.963172 0.256644
0.000000 -0.986252 0.165249
0.000000 -0.963650 0.267168
0.043858 -0.986364 0.158629
0.080212 -0.963172 0.256643
0.000000 -0.986252 0.165249
0.000000 -0.986252 0.165249
0.080212 -0.963172 0.256643
0.000000 -0.963650 0.267168
0.093410 -0.986232 0.136460
0.158460 -0.962463 0.220353
0.043858 -0.986364 0.158629
0.043858 -0.986364 0.158629
0.158460 -0.962463 0.220353
0.080212 -0.963172 0.256643
0.133383 -0.985913 0.100920
0.220229 -0.962117 0.160718
0.093410 -0.986232 0.136460
0.093410 -0.986232 0.136460
0.220229 -0.962117 0.160718
0.158460 -0.962463 0.220353
0.154780 -0.986491 0.053650
0.258639 -0.962112 0.086291
0.133383 -0.985913 0.100920
0.133383 -0.985913 0.100920
0.258639 -0.962112 0.086291
0.220229 -0.962117 0.160718
0.154780 -0.986491 0.053650
0.165344 -0.986234 0.002042
0.258639 -0.962112 0.086291
0.258639 -0.962112 0.086291
0.165344 -0.986234 0.002042
0.272606 -0.962122 0.002783
0.165344 -0.986234 0.002042
0.157236 -0.986209 -0.051661
0.272606 -0.962122 0.002783
0.272606 -0.962122 0.002783
0.157236 -0.986209 -0.051661
0.259603 -0.962089 -0.083610
0.259603 -0.962089 -0.083610
0.220229 -0.962117 -0.160718
0.396810 -0.909069 -0.127023
0.396810 -0.909069 -0.127023
0.220229 -0.962117 -0.160718
0.337469 -0.909258 -0.243650
0.220229 -0.962117 -0.160718
0.158460 -0.962463 -0.220353
0.337469 -0.909258 -0.243650
0.337469 -0.909258 -0.243650
0.158460 -0.962463 -0.220353
0.244918 -0.909940 -0.334700
0.158460 -0.962463 -0.220353
0.080212 -0.963172 -0.256644
0.244918 -0.909940 -0.334700
0.244918 -0.909940 -0.334700
0.080212 -0.963172 -0.256644
0.127878 -0.911244 -0.391513
0.080212 -0.963172 -0.256644
0.000000 -0.963650 -0.267168
0.127878 -0.911244 -0.391513
0.127878 -0.911244 -0.391513
0.000000 -0.963650 -0.267168
0.000000 -0.912598 -0.408859
-0.080212 -0.963172 -0.256644
-0.124757 -0.912279 -0.390105
0.000000 -0.963650 -0.267168
0.000000 -0.963650 -0.267168
-0.124757 -0.912279 -0.390105
0.000000 -0.912598 -0.408859
-0.158460 -0.962463 -0.220353
-0.244490 -0.909153 -0.337143
-0.080212 -0.963172 -0.256644
-0.080212 -0.963172 -0.256644
-0.244490 -0.909153 -0.337143
-0.124757 -0.912279 -0.390105
-0.220229 -0.962117 -0.160718
-0.337469 -0.909258 -0.243650
-0.158460 -0.962463 -0.220353
-0.158460 -0.962463 -0.220353
-0.337469 -0.909258 -0.243650
-0.244490 -0.909153 -0.337143
-0.258639 -0.962112 -0.086291
-0.395875 -0.908998 -0.130407
-0.220229 -0.962117 -0.160718
-0.220229 -0.962117 -0.160718
-0.395875 -0.908998 -0.130407
-0.337469 -0.909258 -0.243650
-0.258639 -0.962112 -0.086291
-0.272606 -0.962122 -0.002782
-0.395875 -0.908998 -0.130407
-0.395875 -0.908998 -0.130407
-0.272606 -0.962122 -0.002782
-0.416640 -0.909065 -0.003410
-0.272606 -0.962122 -0.002782
-0.259603 -0.962089 0.083610
-0.416640 -0.909065 -0.003410
-0.416640 -0.909065 -0.003410
-0.259603 -0.962089 0.083610
-0.396810 -0.909069 0.127024
-0.259603 -0.962089 0.083610
-0.220229 -0.962117 0.160718
-0.396810 -0.909069 0.127024
-0.396810 -0.909069 0.127024
-0.220229 -0.962117 0.160718
-0.337469 -0.909257 0.243651
-0.220229 -0.962117 0.160718
-0.158460 -0.962463 0.220353
-0.337469 -0.909257 0.243651
-0.337469 -0.909257 0.243651
-0.158460 -0.962463 0.220353
-0.244918 -0.909940 0.334701
-0.158460 -0.962463 0.220353
-0.080212 -0.963172 0.256644
-0.244918 -0.909940 0.334701
-0.244918 -0.909940 0.334701
-0.080212 -0.963172 0.256644
-0.127878 -0.911244 0.391513
-0.080212 -0.963172 0.256644
0.000000 -0.963650 0.267168
-0.127878 -0.911244 0.391513
-0.127878 -0.911244 0.391513
0.000000 -0.963650 0.267168
0.000000 -0.912598 0.408859
0.080212 -0.963172 0.256643
0.124757 -0.912279 0.390105
0.000000 -0.963650 0.267168
0.000000 -0.963650 0.267168
0.124757 -0.912279 0.390105
0.000000 -0.912598 0.408859
0.158460 -0.962463 0.220353
0.244490 -0.909153 0.337143
0.080212 -0.963172 0.256643
0.080212 -0.963172 0.256643
0.244490 -0.909153 0.337143
0.124757 -0.912279 0.390105
0.220229 -0.962117 0.160718
0.337469 -0.909258 0.243650
0.158460 -0.962463 0.220353
0.158460 -0.962463 0.220353
0.337469 -0.909258 0.243650
0.244490 -0.909153 0.337143
0.258639 -0.962112 0.086291
0.395875 -0.908998 0.130407
0.220229 -0.962117 0.160718
0.220229 -0.962117 0.160718
0.395875 -0.908998 0.130407
0.337469 -0.909258 0.243650
0.258639 -0.962112 0.086291
0.272606 -0.962122 0.002783
0.395875 -0.908998 0.130407
0.395875 -0.908998 0.130407
0.272606 -0.962122 0.002783
0.416640 -0.909065 0.003410
0.272606 -0.962122 0.002783
0.259603 -0.962089 -0.083610
0.416640 -0.909065 0.003410
0.416640 -0.909065 0.003410
0.259603 -0.962089 -0.083610
0.396810 -0.909069 -0.127023
0.396810 -0.909069 -0.127023
0.337469 -0.909258 -0.243650
0.563803 -0.805982 -0.180331
0.563803 -0.805982 -0.180331
0.337469 -0.909258 -0.243650
0.479740 -0.806607 -0.345303
0.337469 -0.909258 -0.243650
0.244918 -0.909940 -0.334700
0.479740 -0.806607 -0.345303
0.479740 -0.806607 -0.345303
0.244918 -0.909940 -0.334700
0.349275 -0.807490 -0.475360
0.244918 -0.909940 -0.334700
0.127878 -0.911244 -0.391513
0.349275 -0.807490 -0.475360
0.349275 -0.807490 -0.475360
0.127878 -0.911244 -0.391513
0.184576 -0.808688 -0.558530
0.127878 -0.911244 -0.391513
0.000000 -0.912598 -0.408859
0.184576 -0.808688 -0.558530
0.184576 -0.808688 -0.558530
0.000000 -0.912598 -0.408859
0.002382 -0.811755 -0.583993
-0.124757 -0.912279 -0.390105
-0.179460 -0.807169 -0.562381
0.000000 -0.912598 -0.408859
0.000000 -0.912598 -0.408859
-0.179460 -0.807169 -0.562381
0.002382 -0.811755 -0.583993
-0.124757 -0.912279 -0.390105
-0.244490 -0.909153 -0.337143
-0.179460 -0.807169 -0.562381
-0.179460 -0.807169 -0.562381
-0.244490 -0.909153 -0.337143
-0.343462 -0.808936 -0.477133
-0.337469 -0.909258 -0.243650
-0.479812 -0.805441 -0.347916
-0.244490 -0.909153 -0.337143
-0.244490 -0.909153 -0.337143
-0.479812 -0.805441 -0.347916
-0.343462 -0.808936 -0.477133
-0.395875 -0.908998 -0.130407
-0.562916 -0.805740 -0.184143
-0.337469 -0.909258 -0.243650
-0.337469 -0.909258 -0.243650
-0.562916 -0.805740 -0.184143
-0.479812 -0.805441 -0.347916
-0.395875 -0.908998 -0.130407
-0.416640 -0.909065 -0.003410
-0.562916 -0.805740 -0.184143
-0.562916 -0.805740 -0.184143
-0.416640 -0.909065 -0.003410
-0.592225 -0.805764 -0.003704
-0.416640 -0.909065 -0.003410
-0.396810 -0.909069 0.127024
-0.592225 -0.805764 -0.003704
-0.592225 -0.805764 -0.003704
-0.396810 -0.909069 0.127024
-0.563804 -0.805981 0.180332
-0.396810 -0.909069 0.127024
-0.337469 -0.909257 0.243651
-0.563804 -0.805981 0.180332
-0.563804 -0.805981 0.180332
-0.337469 -0.909257 0.243651
-0.479740 -0.806608 0.345303
-0.337469 -0.909257 0.243651
-0.244918 -0.909940 0.334701
-0.479740 -0.806608 0.345303
-0.479740 -0.806608 0.345303
-0.244918 -0.909940 0.334701
-0.349275 -0.807490 0.475360
-0.244918 -0.909940 0.334701
-0.127878 -0.911244 0.391513
-0.349275 -0.807490 0.475360
-0.349275 -0.807490 0.475360
-0.127878 -0.911244 0.391513
-0.184576 -0.808688 0.558530
-0.127878 -0.911244 0.391513
0.000000 -0.912598 0.408859
-0.184576 -0.808688 0.558530
-0.184576 -0.808688 0.558530
0.000000 -0.912598 0.408859
-0.002382 -0.811755 0.583993
0.124757 -0.912279 0.390105
0.179460 -0.807169 0.562382
0.000000 -0.912598 0.408859
0.000000 -0.912598 0.408859
0.179460 -0.807169 0.562382
-0.002382 -0.811755 0.583993
0.124757 -0.912279 0.390105
0.244490 -0.909153 0.337143
0.179460 -0.807169 0.562382
0.179460 -0.807169 0.562382
0.244490 -0.909153 0.337143
0.343462 -0.808936 0.477133
0.337469 -0.909258 0.243650
0.479812 -0.805441 0.347917
0.244490 -0.909153 0.337143
0.244490 -0.909153 0.337143
0.479812 -0.805441 0.347917
0.343462 -0.808936 0.477133
0.395875 -0.908998 0.130407
0.562916 -0.805740 0.184143
0.337469 -0.909258 0.243650
0.337469 -0.909258 0.243650
0.562916 -0.805740 0.184143
0.479812 -0.805441 0.347917
0.395875 -0.908998 0.130407
0.416640 -0.909065 0.003410
0.562916 -0.805740 0.184143
0.562916 -0.805740 0.184143
0.416640 -0.909065 0.003410
0.592225 -0.805764 0.003705
0.416640 -0.909065 0.003410
0.396810 -0.909069 -0.127023
0.592225 -0.805764 0.003705
0.592225 -0.805764 0.003705
0.396810 -0.909069 -0.127023
0.563803 -0.805982 -0.180331
0.563803 -0.805982 -0.180331
0.479740 -0.806607 -0.345303
0.733099 -0.638280 -0.234872
0.733099 -0.638280 -0.234872
0.479740 -0.806607 -0.345303
0.623843 -0.639571 -0.449186
0.479740 -0.806607 -0.345303
0.349275 -0.807490 -0.475360
0.623843 -0.639571 -0.449186
0.623843 -0.639571 -0.449186
0.349275 -0.807490 -0.475360
0.454350 -0.640354 -0.619284
0.349275 -0.807490 -0.475360
0.184576 -0.808688 -0.558530
0.454350 -0.640354 -0.619284
0.454350 -0.640354 -0.619284
0.184576 -0.808688 -0.558530
0.240617 -0.640351 -0.729420
0.184576 -0.808688 -0.558530
0.002382 -0.811755 -0.583993
0.240617 -0.640351 -0.729420
0.240617 -0.640351 -0.729420
0.002382 -0.811755 -0.583993
0.003659 -0.640660 -0.767816
0.002382 -0.811755 -0.583993
-0.179460 -0.807169 -0.562381
0.003659 -0.640660 -0.767816
0.003659 -0.640660 -0.767816
-0.179460 -0.807169 -0.562381
-0.234031 -0.640142 -0.731743
-0.179460 -0.807169 -0.562381
-0.343462 -0.808936 -0.477133
-0.234031 -0.640142 -0.731743
-0.234031 -0.640142 -0.731743
-0.343462 -0.808936 -0.477133
-0.448490 -0.640245 -0.623654
-0.343462 -0.808936 -0.477133
-0.479812 -0.805441 -0.347916
-0.448490 -0.640245 -0.623654
-0.448490 -0.640245 -0.623654
-0.479812 -0.805441 -0.347916
-0.619425 -0.641368 -0.452724
-0.562916 -0.805740 -0.184143
-0.732706 -0.636654 -0.240446
-0.479812 -0.805441 -0.347916
-0.479812 -0.805441 -0.347916
-0.732706 -0.636654 -0.240446
-0.619425 -0.641368 -0.452724
-0.562916 -0.805740 -0.184143
-0.592225 -0.805764 -0.003704
-0.732706 -0.636654 -0.240446
-0.732706 -0.636654 -0.240446
-0.592225 -0.805764 -0.003704
-0.770298 -0.637675 -0.003432
-0.592225 -0.805764 -0.003704
-0.563804 -0.805981 0.180332
-0.770298 -0.637675 -0.003432
-0.770298 -0.637675 -0.003432
-0.563804 -0.805981 0.180332
-0.733099 -0.638279 0.234873
-0.563804 -0.805981 0.180332
-0.479740 -0.806608 0.345303
-0.733099 -0.638279 0.234873
-0.733099 -0.638279 0.234873
-0.479740 -0.806608 0.345303
-0.623843 -0.639572 0.449186
-0.479740 -0.806608 0.345303
-0.349275 -0.807490 0.475360
-0.623843 -0.639572 0.449186
-0.623843 -0.639572 0.449186
-0.349275 -0.807490 0.475360
-0.454350 -0.640354 0.619284
-0.349275 -0.807490 0.475360
-0.184576 -0.808688 0.558530
-0.454350 -0.640354 0.619284
-0.454350 -0.640354 0.619284
-0.184576 -0.808688 0.558530
-0.240618 -0.640350 0.729421
-0.184576 -0.808688 0.558530
-0.002382 -0.811755 0.583993
-0.240618 -0.640350 0.729421
-0.240618 -0.640350 0.729421
-0.002382 -0.811755 0.583993
-0.003659 -0.640660 0.767816
-0.002382 -0.811755 0.583993
0.179460 -0.807169 0.562382
-0.003659 -0.640660 0.767816
-0.003659 -0.640660 0.767816
0.179460 -0.807169 0.562382
0.234031 -0.640142 0.731743
0.179460 -0.807169 0.562382
0.343462 -0.808936 0.477133
0.234031 -0.640142 0.731743
0.234031 -0.640142 0.731743
0.343462 -0.808936 0.477133
0.448489 -0.640245 0.623654
0.343462 -0.808936 0.477133
0.479812 -0.805441 0.347917
0.448489 -0.640245 0.623654
0.448489 -0.640245 0.623654
0.479812 -0.805441 0.347917
0.619425 -0.641368 0.452725
0.562916 -0.805740 0.184143
0.732706 -0.636653 0.240446
0.479812 -0.805441 0.347917
0.479812 -0.805441 0.347917
0.732706 -0.636653 0.240446
0.619425 -0.641368 0.452725
0.562916 -0.805740 0.184143
0.592225 -0.805764 0.003705
0.732706 -0.636653 0.240446
0.732706 -0.636653 0.240446
0.592225 -0.805764 0.003705
0.770298 -0.637675 0.003433
0.592225 -0.805764 0.003705
0.563803 -0.805982 -0.180331
0.770298 -0.637675 0.003433
0.770298 -0.637675 0.003433
0.563803 -0.805982 -0.180331
0.733099 -0.638280 -0.234872
0.733099 -0.638280 -0.234872
0.623843 -0.639571 -0.449186
0.863339 -0.420732 -0.278622
0.863339 -0.420732 -0.278622
0.623843 -0.639571 -0.449186
0.733636 -0.423992 -0.531046
0.623843 -0.639571 -0.449186
0.454350 -0.640354 -0.619284
0.733636 -0.423992 -0.531046
0.733636 -0.423992 -0.531046
0.454350 -0.640354 -0.619284
0.534690 -0.423506 -0.731266
0.454350 -0.640354 -0.619284
0.240617 -0.640351 -0.729420
0.534690 -0.423506 -0.731266
0.534690 -0.423506 -0.731266
0.240617 -0.640351 -0.729420
0.282414 -0.422364 -0.861308
0.240617 -0.640351 -0.729420
0.003659 -0.640660 -0.767816
0.282414 -0.422364 -0.861308
0.282414 -0.422364 -0.861308
0.003659 -0.640660 -0.767816
0.001457 -0.420692 -0.907202
0.003659 -0.640660 -0.767816
-0.234031 -0.640142 -0.731743
0.001457 -0.420692 -0.907202
0.001457 -0.420692 -0.907202
-0.234031 -0.640142 -0.731743
-0.279615 -0.422414 -0.862196
-0.234031 -0.640142 -0.731743
-0.448490 -0.640245 -0.623654
-0.279615 -0.422414 -0.862196
-0.279615 -0.422414 -0.862196
-0.448490 -0.640245 -0.623654
-0.530947 -0.424399 -0.733472
-0.448490 -0.640245 -0.623654
-0.619425 -0.641368 -0.452724
-0.530947 -0.424399 -0.733472
-0.530947 -0.424399 -0.733472
-0.619425 -0.641368 -0.452724
-0.731507 -0.423053 -0.534719
-0.619425 -0.641368 -0.452724
-0.732706 -0.636654 -0.240446
-0.731507 -0.423053 -0.534719
-0.731507 -0.423053 -0.534719
-0.732706 -0.636654 -0.240446
-0.861684 -0.421521 -0.282526
-0.732706 -0.636654 -0.240446
-0.770298 -0.637675 -0.003432
-0.861684 -0.421521 -0.282526
-0.861684 -0.421521 -0.282526
-0.770298 -0.637675 -0.003432
-0.907215 -0.420660 -0.002555
-0.770298 -0.637675 -0.003432
-0.733099 -0.638279 0.234873
-0.907215 -0.420660 -0.002555
-0.907215 -0.420660 -0.002555
-0.733099 -0.638279 0.234873
-0.863339 -0.420731 0.278623
-0.733099 -0.638279 0.234873
-0.623843 -0.639572 0.449186
-0.863339 -0.420731 0.278623
-0.863339 -0.420731 0.278623
-0.623843 -0.639572 0.449186
-0.733636 -0.423991 0.531046
-0.623843 -0.639572 0.449186
-0.454350 -0.640354 0.619284
-0.733636 -0.423991 0.531046
-0.733636 -0.423991 0.531046
-0.454350 -0.640354 0.619284
-0.534690 -0.423506 0.731266
-0.454350 -0.640354 0.619284
-0.240618 -0.640350 0.729421
-0.534690 -0.423506 0.731266
-0.534690 -0.423506 0.731266
-0.240618 -0.640350 0.729421
-0.282414 -0.422363 0.861308
-0.240618 -0.640350 0.729421
-0.003659 -0.640660 0.767816
-0.282414 -0.422363 0.861308
-0.282414 -0.422363 0.861308
-0.003659 -0.640660 0.767816
-0.001457 -0.420691 0.907203
-0.003659 -0.640660 0.767816
0.234031 -0.640142 0.731743
-0.001457 -0.420691 0.907203
-0.001457 -0.420691 0.907203
0.234031 -0.640142 0.731743
0.279615 -0.422414 0.862196
0.234031 -0.640142 0.731743
0.448489 -0.640245 0.623654
0.279615 -0.422414 0.862196
0.279615 -0.422414 0.862196
0.448489 -0.640245 0.623654
0.530947 -0.424399 0.733472
0.448489 -0.640245 0.623654
0.619425 -0.641368 0.452725
0.530947 -0.424399 0.733472
0.530947 -0.424399 0.733472
0.619425 -0.641368 0.452725
0.731507 -0.423053 0.534719
0.619425 -0.641368 0.452725
0.732706 -0.636653 0.240446
0.731507 -0.423053 0.534719
0.731507 -0.423053 0.534719
0.732706 -0.636653 0.240446
0.861684 -0.421520 0.282526
0.732706 -0.636653 0.240446
0.770298 -0.637675 0.003433
0.861684 -0.421520 0.282526
0.861684 -0.421520 0.282526
0.770298 -0.637675 0.003433
0.907215 -0.420660 0.002556
0.770298 -0.637675 0.003433
0.733099 -0.638280 -0.234872
0.907215 -0.420660 0.002556
0.907215 -0.420660 0.002556
0.733099 -0.638280 -0.234872
0.863339 -0.420732 -0.278622
0.733636 -0.423992 -0.531046
0.792906 -0.197921 -0.576305
0.863339 -0.420732 -0.278622
0.863339 -0.420732 -0.278622
0.792906 -0.197921 -0.576305
0.932148 -0.198484 -0.302826
0.733636 -0.423992 -0.531046
0.534690 -0.423506 -0.731266
0.792906 -0.197921 -0.576305
0.792906 -0.197921 -0.576305
0.534690 -0.423506 -0.731266
0.576746 -0.199178 -0.792271
0.534690 -0.423506 -0.731266
0.282414 -0.422364 -0.861308
0.576746 -0.199178 -0.792271
0.576746 -0.199178 -0.792271
0.282414 -0.422364 -0.861308
0.303840 -0.197923 -0.931938
0.282414 -0.422364 -0.861308
0.001457 -0.420692 -0.907202
0.303840 -0.197923 -0.931938
0.303840 -0.197923 -0.931938
0.001457 -0.420692 -0.907202
0.000000 -0.197584 -0.980286
-0.279615 -0.422414 -0.862196
-0.303841 -0.197923 -0.931937
0.001457 -0.420692 -0.907202
0.001457 -0.420692 -0.907202
-0.303841 -0.197923 -0.931937
0.000000 -0.197584 -0.980286
-0.530947 -0.424399 -0.733472
-0.576020 -0.198378 -0.792999
-0.279615 -0.422414 -0.862196
-0.279615 -0.422414 -0.862196
-0.576020 -0.198378 -0.792999
-0.303841 -0.197923 -0.931937
-0.530947 -0.424399 -0.733472
-0.731507 -0.423053 -0.534719
-0.576020 -0.198378 -0.792999
-0.576020 -0.198378 -0.792999
-0.731507 -0.423053 -0.534719
-0.792201 -0.198695 -0.577007
-0.731507 -0.423053 -0.534719
-0.861684 -0.421521 -0.282526
-0.792201 -0.198695 -0.577007
-0.792201 -0.198695 -0.577007
-0.861684 -0.421521 -0.282526
-0.931983 -0.197683 -0.303858
-0.861684 -0.421521 -0.282526
-0.907215 -0.420660 -0.002555
-0.931983 -0.197683 -0.303858
-0.931983 -0.197683 -0.303858
-0.907215 -0.420660 -0.002555
-0.980423 -0.196901 -0.000960
-0.907215 -0.420660 -0.002555
-0.863339 -0.420731 0.278623
-0.980423 -0.196901 -0.000960
-0.980423 -0.196901 -0.000960
-0.863339 -0.420731 0.278623
-0.932148 -0.198483 0.302827
-0.733636 -0.423991 0.531046
-0.792906 -0.197920 0.576305
-0.863339 -0.420731 0.278623
-0.863339 -0.420731 0.278623
-0.792906 -0.197920 0.576305
-0.932148 -0.198483 0.302827
-0.733636 -0.423991 0.531046
-0.534690 -0.423506 0.731266
-0.792906 -0.197920 0.576305
-0.792906 -0.197920 0.576305
-0.534690 -0.423506 0.731266
-0.576746 -0.199177 0.792271
-0.534690 -0.423506 0.731266
-0.282414 -0.422363 0.861308
-0.576746 -0.199177 0.792271
-0.576746 -0.199177 0.792271
-0.282414 -0.422363 0.861308
-0.303841 -0.197923 0.931937
-0.282414 -0.422363 0.861308
-0.001457 -0.420691 0.907203
-0.303841 -0.197923 0.931937
-0.303841 -0.197923 0.931937
-0.001457 -0.420691 0.907203
0.000000 -0.197584 0.980286
0.279615 -0.422414 0.862196
0.303841 -0.197923 0.931937
-0.001457 -0.420691 0.907203
-0.001457 -0.420691 0.907203
0.303841 -0.197923 0.931937
0.000000 -0.197584 0.980286
0.530947 -0.424399 0.733472
0.576020 -0.198379 0.792999
0.279615 -0.422414 0.862196
0.279615 -0.422414 0.862196
0.576020 -0.198379 0.792999
0.303841 -0.197923 0.931937
0.530947 -0.424399 0.733472
0.731507 -0.423053 0.534719
0.576020 -0.198379 0.792999
0.576020 -0.198379 0.792999
0.731507 -0.423053 0.534719
0.792201 -0.198695 0.577008
0.731507 -0.423053 0.534719
0.861684 -0.421520 0.282526
0.792201 -0.198695 0.577008
0.792201 -0.198695 0.577008
0.861684 -0.421520 0.282526
0.931983 -0.197682 0.303858
0.861684 -0.421520 0.282526
0.907215 -0.420660 0.002556
0.931983 -0.197682 0.303858
0.931983 -0.197682 0.303858
0.907215 -0.420660 0.002556
0.980423 -0.196900 0.000961
0.907215 -0.420660 0.002556
0.863339 -0.420732 -0.278622
0.980423 -0.196900 0.000961
0.980423 -0.196900 0.000961
0.863339 -0.420732 -0.278622
0.932148 -0.198484 -0.302826
0.792906 -0.197921 -0.576305
0.809034 -0.000055 -0.587762
0.932148 -0.198484 -0.302826
0.932148 -0.198484 -0.302826
0.809034 -0.000055 -0.587762
0.951067 0.000107 -0.308984
0.576746 -0.199178 -0.792271
0.587784 0.000316 -0.809018
0.792906 -0.197921 -0.576305
0.792906 -0.197921 -0.576305
0.587784 0.000316 -0.809018
0.809034 -0.000055 -0.587762
0.576746 -0.199178 -0.792271
0.303840 -0.197923 -0.931938
0.587784 0.000316 -0.809018
0.587784 0.000316 -0.809018
0.303840 -0.197923 -0.931938
0.308987 0.000065 -0.951066
0.303840 -0.197923 -0.931938
0.000000 -0.197584 -0.980286
0.308987 0.000065 -0.951066
0.308987 0.000065 -0.951066
0.000000 -0.197584 -0.980286
0.000000 -0.000157 -1.000000
-0.303841 -0.197923 -0.931937
-0.308987 0.000065 -0.951066
0.000000 -0.197584 -0.980286
0.000000 -0.197584 -0.980286
-0.308987 0.000065 -0.951066
0.000000 -0.000157 -1.000000
-0.576020 -0.198378 -0.792999
-0.587785 0.000316 -0.809017
-0.303841 -0.197923 -0.931937
-0.303841 -0.197923 -0.931937
-0.587785 0.000316 -0.809017
-0.308987 0.000065 -0.951066
-0.576020 -0.198378 -0.792999
-0.792201 -0.198695 -0.577007
-0.587785 0.000316 -0.809017
-0.587785 0.000316 -0.809017
-0.792201 -0.198695 -0.577007
-0.809034 -0.000054 -0.587762
-0.792201 -0.198695 -0.577007
-0.931983 -0.197683 -0.303858
-0.809034 -0.000054 -0.587762
-0.809034 -0.000054 -0.587762
-0.931983 -0.197683 -0.303858
-0.951067 0.000107 -0.308985
-0.931983 -0.197683 -0.303858
-0.980423 -0.196901 -0.000960
-0.951067 0.000107 -0.308985
-0.951067 0.000107 -0.308985
-0.980423 -0.196901 -0.000960
-1.000000 -0.000226 0.000000
-0.932148 -0.198483 0.302827
-0.951067 0.000108 0.308985
-0.980423 -0.196901 -0.000960
-0.980423 -0.196901 -0.000960
-0.951067 0.000108 0.308985
-1.000000 -0.000226 0.000000
-0.792906 -0.197920 0.576305
-0.809034 -0.000055 0.587762
-0.932148 -0.198483 0.302827
-0.932148 -0.198483 0.302827
-0.809034 -0.000055 0.587762
-0.951067 0.000108 0.308985
-0.576746 -0.199177 0.792271
-0.587784 0.000317 0.809018
-0.792906 -0.197920 0.576305
-0.792906 -0.197920 0.576305
-0.587784 0.000317 0.809018
-0.809034 -0.000055 0.587762
-0.576746 -0.199177 0.792271
-0.303841 -0.197923 0.931937
-0.587784 0.000317 0.809018
-0.587784 0.000317 0.809018
-0.303841 -0.197923 0.931937
-0.308987 0.000065 0.951066
-0.303841 -0.197923 0.931937
0.000000 -0.197584 0.980286
-0.308987 0.000065 0.951066
-0.308987 0.000065 0.951066
0.000000 -0.197584 0.980286
0.000000 -0.000157 1.000000
0.303841 -0.197923 0.931937
0.308987 0.000064 0.951066
0.000000 -0.197584 0.980286
0.000000 -0.197584 0.980286
0.308987 0.000064 0.951066
0.000000 -0.000157 1.000000
0.576020 -0.198379 0.792999
0.587785 0.000317 0.809017
0.303841 -0.197923 0.931937
0.303841 -0.197923 0.931937
0.587785 0.000317 0.809017
0.308987 0.000064 0.951066
0.576020 -0.198379 0.792999
0.792201 -0.198695 0.577008
0.587785 0.000317 0.809017
0.587785 0.000317 0.809017
0.792201 -0.198695 0.577008
0.809034 -0.000055 0.587762
0.792201 -0.198695 0.577008
0.931983 -0.197682 0.303858
0.809034 -0.000055 0.587762
0.809034 -0.000055 0.587762
0.931983 -0.197682 0.303858
0.951067 0.000108 0.308985
0.931983 -0.197682 0.303858
0.980423 -0.196900 0.000961
0.951067 0.000108 0.308985
0.951067 0.000108 0.308985
0.980423 -0.196900 0.000961
1.000000 -0.000225 0.000001
0.932148 -0.198484 -0.302826
0.951067 0.000107 -0.308984
0.980423 -0.196900 0.000961
0.980423 -0.196900 0.000961
0.951067 0.000107 -0.308984
1.000000 -0.000225 0.000001
0.809034 -0.000055 -0.587762
0.798448 0.164417 -0.579178
0.951067 0.000107 -0.308984
0.951067 0.000107 -0.308984
0.798448 0.164417 -0.579178
0.938341 0.164018 -0.304326
0.587784 0.000316 -0.809018
0.580001 0.164907 -0.797750
0.809034 -0.000055 -0.587762
0.809034 -0.000055 -0.587762
0.580001 0.164907 -0.797750
0.798448 0.164417 -0.579178
0.587784 0.000316 -0.809018
0.308987 0.000065 -0.951066
0.580001 0.164907 -0.797750
0.580001 0.164907 -0.797750
0.308987 0.000065 -0.951066
0.304317 0.164525 -0.938255
0.308987 0.000065 -0.951066
0.000000 -0.000157 -1.000000
0.304317 0.164525 -0.938255
0.304317 0.164525 -0.938255
0.000000 -0.000157 -1.000000
0.000000 0.164354 -0.986401
-0.308987 0.000065 -0.951066
-0.304318 0.164525 -0.938255
0.000000 -0.000157 -1.000000
0.000000 -0.000157 -1.000000
-0.304318 0.164525 -0.938255
0.000000 0.164354 -0.986401
-0.587785 0.000316 -0.809017
-0.580001 0.164906 -0.797750
-0.308987 0.000065 -0.951066
-0.308987 0.000065 -0.951066
-0.580001 0.164906 -0.797750
-0.304318 0.164525 -0.938255
-0.587785 0.000316 -0.809017
-0.809034 -0.000054 -0.587762
-0.580001 0.164906 -0.797750
-0.580001 0.164906 -0.797750
-0.809034 -0.000054 -0.587762
-0.798448 0.164417 -0.579178
-0.809034 -0.000054 -0.587762
-0.951067 0.000107 -0.308985
-0.798448 0.164417 -0.579178
-0.798448 0.164417 -0.579178
-0.951067 0.000107 -0.308985
-0.938341 0.164018 -0.304326
-0.951067 0.000107 -0.308985
-1.000000 -0.000226 0.000000
-0.938341 0.164018 -0.304326
-0.938341 0.164018 -0.304326
-1.000000 -0.000226 0.000000
-0.986544 0.163495 0.000000
-0.951067 0.000108 0.308985
-0.938341 0.164018 0.304327
-1.000000 -0.000226 0.000000
-1.000000 -0.000226 0.000000
-0.938341 0.164018 0.304327
-0.986544 0.163495 0.000000
-0.809034 -0.000055 0.587762
-0.798448 0.164416 0.579179
-0.951067 0.000108 0.308985
-0.951067 0.000108 0.308985
-0.798448 0.164416 0.579179
-0.938341 0.164018 0.304327
-0.587784 0.000317 0.809018
-0.580001 0.164906 0.797750
-0.809034 -0.000055 0.587762
-0.809034 -0.000055 0.587762
-0.580001 0.164906 0.797750
-0.798448 0.164416 0.579179
-0.587784 0.000317 0.809018
-0.308987 0.000065 0.951066
-0.580001 0.164906 0.797750
-0.580001 0.164906 0.797750
-0.308987 0.000065 0.951066
-0.304317 0.164525 0.938255
-0.308987 0.000065 0.951066
0.000000 -0.000157 1.000000
-0.304317 0.164525 0.938255
-0.304317 0.164525 0.938255
0.000000 -0.000157 1.000000
0.000000 0.164354 0.986401
0.308987 0.000064 0.951066
0.304318 0.164525 0.938255
0.000000 -0.000157 1.000000
0.000000 -0.000157 1.000000
0.304318 0.164525 0.938255
0.000000 0.164354 0.986401
0.587785 0.000317 0.809017
0.580001 0.164906 0.797750
0.308987 0.000064 0.951066
0.308987 0.000064 0.951066
0.580001 0.164906 0.797750
0.304318 0.164525 0.938255
0.587785 0.000317 0.809017
0.809034 -0.000055 0.587762
0.580001 0.164906 0.797750
0.580001 0.164906 0.797750
0.809034 -0.000055 0.587762
0.798448 0.164416 0.579179
0.809034 -0.000055 0.587762
0.951067 0.000108 0.308985
0.798448 0.164416 0.579179
0.798448 0.164416 0.579179
0.951067 0.000108 0.308985
0.938341 0.164019 0.304327
0.951067 0.000108 0.308985
1.000000 -0.000225 0.000001
0.938341 0.164019 0.304327
0.938341 0.164019 0.304327
1.000000 -0.000225 0.000001
0.986544 0.163495 0.000001
0.951067 0.000107 -0.308984
0.938341 0.164018 -0.304326
1.000000 -0.000225 0.000001
1.000000 -0.000225 0.000001
0.938341 0.164018 -0.304326
0.986544 0.163495 0.000001
0.798448 0.164417 -0.579178
0.771946 0.301453 -0.559666
0.938341 0.164018 -0.304326
0.938341 0.164018 -0.304326
0.771946 0.301453 -0.559666
0.907147 0.300985 -0.294095
0.580001 0.164907 -0.797750
0.560781 0.302246 -0.770826
0.798448 0.164417 -0.579178
0.798448 0.164417 -0.579178
0.560781 0.302246 -0.770826
0.771946 0.301453 -0.559666
0.580001 0.164907 -0.797750
0.304317 0.164525 -0.938255
0.560781 0.302246 -0.770826
0.560781 0.302246 -0.770826
0.304317 0.164525 -0.938255
0.293490 0.302830 -0.906729
0.304317 0.164525 -0.938255
0.000000 0.164354 -0.986401
0.293490 0.302830 -0.906729
0.293490 0.302830 -0.906729
0.000000 0.164354 -0.986401
0.000000 0.303780 -0.952742
-0.304318 0.164525 -0.938255
-0.293490 0.302830 -0.906729
0.000000 0.164354 -0.986401
0.000000 0.164354 -0.986401
-0.293490 0.302830 -0.906729
0.000000 0.303780 -0.952742
-0.580001 0.164906 -0.797750
-0.560782 0.302245 -0.770825
-0.304318 0.164525 -0.938255
-0.304318 0.164525 -0.938255
-0.560782 0.302245 -0.770825
-0.293490 0.302830 -0.906729
-0.580001 0.164906 -0.797750
-0.798448 0.164417 -0.579178
-0.560782 0.302245 -0.770825
-0.560782 0.302245 -0.770825
-0.798448 0.164417 -0.579178
-0.771946 0.301453 -0.559666
-0.798448 0.164417 -0.579178
-0.938341 0.164018 -0.304326
-0.771946 0.301453 -0.559666
-0.771946 0.301453 -0.559666
-0.938341 0.164018 -0.304326
-0.907147 0.300985 -0.294095
-0.938341 0.164018 -0.304326
-0.986544 0.163495 0.000000
-0.907147 0.300985 -0.294095
-0.907147 0.300985 -0.294095
-0.986544 0.163495 0.000000
-0.953764 0.300557 0.000000
-0.938341 0.164018 0.304327
-0.907147 0.300985 0.294096
-0.986544 0.163495 0.000000
-0.986544 0.163495 0.000000
-0.907147 0.300985 0.294096
-0.953764 0.300557 0.000000
-0.798448 0.164416 0.579179
-0.771945 0.301453 0.559666
-0.938341 0.164018 0.304327
-0.938341 0.164018 0.304327
-0.771945 0.301453 0.559666
-0.907147 0.300985 0.294096
-0.580001 0.164906 0.797750
-0.560781 0.302245 0.770826
-0.798448 0.164416 0.579179
-0.798448 0.164416 0.579179
-0.560781 0.302245 0.770826
-0.771945 0.301453 0.559666
-0.580001 0.164906 0.797750
-0.304317 0.164525 0.938255
-0.560781 0.302245 0.770826
-0.560781 0.302245 0.770826
-0.304317 0.164525 0.938255
-0.293490 0.302830 0.906729
-0.304317 0.164525 0.938255
0.000000 0.164354 0.986401
-0.293490 0.302830 0.906729
-0.293490 0.302830 0.906729
0.000000 0.164354 0.986401
0.000000 0.303780 0.952742
0.304318 0.164525 0.938255
0.293490 0.302830 0.906729
0.000000 0.164354 0.986401
0.000000 0.164354 0.986401
0.293490 0.302830 0.906729
0.000000 0.303780 0.952742
0.580001 0.164906 0.797750
0.560781 0.302245 0.770826
0.304318 0.164525 0.938255
0.304318 0.164525 0.938255
0.560781 0.302245 0.770826
0.293490 0.302830 0.906729
0.580001 0.164906 0.797750
0.798448 0.164416 0.579179
0.560781 0.302245 0.770826
0.560781 0.302245 0.770826
0.798448 0.164416 0.579179
0.771945 0.301453 0.559666
0.798448 0.164416 0.579179
0.938341 0.164019 0.304327
0.771945 0.301453 0.559666
0.771945 0.301453 0.559666
0.938341 0.164019 0.304327
0.907147 0.300985 0.294096
0.938341 0.164019 0.304327
0.986544 0.163495 0.000001
0.907147 0.300985 0.294096
0.907147 0.300985 0.294096
0.986544 0.163495 0.000001
0.953764 0.300557 0.000001
0.938341 0.164018 -0.304326
0.907147 0.300985 -0.294095
0.986544 0.163495 0.000001
0.986544 0.163495 0.000001
0.907147 0.300985 -0.294095
0.953764 0.300557 0.000001
0.771946 0.301453 -0.559666
0.734027 0.421450 -0.532527
0.907147 0.300985 -0.294095
0.907147 0.300985 -0.294095
0.734027 0.421450 -0.532527
0.862705 0.421248 -0.279803
0.560781 0.302246 -0.770826
0.532918 0.422738 -0.733001
0.771946 0.301453 -0.559666
0.771946 0.301453 -0.559666
0.532918 0.422738 -0.733001
0.734027 0.421450 -0.532527
0.560781 0.302246 -0.770826
0.293490 0.302830 -0.906729
0.532918 0.422738 -0.733001
0.532918 0.422738 -0.733001
0.293490 0.302830 -0.906729
0.278597 0.424710 -0.861397
0.293490 0.302830 -0.906729
0.000000 0.303780 -0.952742
0.278597 0.424710 -0.861397
0.278597 0.424710 -0.861397
0.000000 0.303780 -0.952742
0.000000 0.430559 -0.902562
-0.293490 0.302830 -0.906729
-0.278597 0.424710 -0.861397
0.000000 0.303780 -0.952742
0.000000 0.303780 -0.952742
-0.278597 0.424710 -0.861397
0.000000 0.430559 -0.902562
-0.560782 0.302245 -0.770825
-0.532919 0.422738 -0.733001
-0.293490 0.302830 -0.906729
-0.293490 0.302830 -0.906729
-0.532919 0.422738 -0.733001
-0.278597 0.424710 -0.861397
-0.560782 0.302245 -0.770825
-0.771946 0.301453 -0.559666
-0.532919 0.422738 -0.733001
-0.532919 0.422738 -0.733001
-0.771946 0.301453 -0.559666
-0.734027 0.421449 -0.532526
-0.771946 0.301453 -0.559666
-0.907147 0.300985 -0.294095
-0.734027 0.421449 -0.532526
-0.734027 0.421449 -0.532526
-0.907147 0.300985 -0.294095
-0.862705 0.421248 -0.279804
-0.907147 0.300985 -0.294095
-0.953764 0.300557 0.000000
-0.862705 0.421248 -0.279804
-0.862705 0.421248 -0.279804
-0.953764 0.300557 0.000000
-0.907009 0.421112 0.000000
-0.907147 0.300985 0.294096
-0.862705 0.421248 0.279804
-0.953764 0.300557 0.000000
-0.953764 0.300557 0.000000
-0.862705 0.421248 0.279804
-0.907009 0.421112 0.000000
-0.771945 0.301453 0.559666
-0.734027 0.421450 0.532527
-0.907147 0.300985 0.294096
-0.907147 0.300985 0.294096
-0.734027 0.421450 0.532527
-0.862705 0.421248 0.279804
-0.560781 0.302245 0.770826
-0.532919 0.422738 0.733001
-0.771945 0.301453 0.559666
-0.771945 0.301453 0.559666
-0.532919 0.422738 0.733001
-0.734027 0.421450 0.532527
-0.560781 0.302245 0.770826
-0.293490 0.302830 0.906729
-0.532919 0.422738 0.733001
-0.532919 0.422738 0.733001
-0.293490 0.302830 0.906729
-0.278597 0.424709 0.861398
-0.293490 0.302830 0.906729
0.000000 0.303780 0.952742
-0.278597 0.424709 0.861398
-0.278597 0.424709 0.861398
0.000000 0.303780 0.952742
0.000000 0.430559 0.902562
0.293490 0.302830 0.906729
0.278597 0.424709 0.861398
0.000000 0.303780 0.952742
0.000000 0.303780 0.952742
0.278597 0.424709 0.861398
0.000000 0.430559 0.902562
0.560781 0.302245 0.770826
0.532919 0.422738 0.733001
0.293490 0.302830 0.906729
0.293490 0.302830 0.906729
0.532919 0.422738 0.733001
0.278597 0.424709 0.861398
0.560781 0.302245 0.770826
0.771945 0.301453 0.559666
0.532919 0.422738 0.733001
0.532919 0.422738 0.733001
0.771945 0.301453 0.559666
0.734027 0.421450 0.532526
0.771945 0.301453 0.559666
0.907147 0.300985 0.294096
0.734027 0.421450 0.532526
0.734027 0.421450 0.532526
0.907147 0.300985 0.294096
0.862705 0.421248 0.279804
0.907147 0.300985 0.294096
0.953764 0.300557 0.000001
0.862705 0.421248 0.279804
0.862705 0.421248 0.279804
0.953764 0.300557 0.000001
0.907009 0.421111 0.000001
0.907147 0.300985 -0.294095
0.862705 0.421248 -0.279803
0.953764 0.300557 0.000001
0.953764 0.300557 0.000001
0.862705 0.421248 -0.279803
0.907009 0.421111 0.000001
0.734027 0.421450 -0.532527
0.684121 0.533345 -0.497516
0.862705 0.421248 -0.279803
0.862705 0.421248 -0.279803
0.684121 0.533345 -0.497516
0.804485 0.533465 -0.261186
0.532918 0.422738 -0.733001
0.497006 0.534680 -0.683448
0.734027 0.421450 -0.532527
0.734027 0.421450 -0.532527
0.497006 0.534680 -0.683448
0.684121 0.533345 -0.497516
0.532918 0.422738 -0.733001
0.278597 0.424710 -0.861397
0.497006 0.534680 -0.683448
0.497006 0.534680 -0.683448
0.278597 0.424710 -0.861397
0.258819 0.541194 -0.800076
0.000000 0.430559 -0.902562
0.000000 0.544336 -0.838867
0.278597 0.424710 -0.861397
0.278597 0.424710 -0.861397
0.000000 0.544336 -0.838867
0.258819 0.541194 -0.800076
0.000000 0.430559 -0.902562
-0.278597 0.424710 -0.861397
0.000000 0.544336 -0.838867
0.000000 0.544336 -0.838867
-0.278597 0.424710 -0.861397
-0.258819 0.541194 -0.800076
-0.532919 0.422738 -0.733001
-0.497007 0.534680 -0.683448
-0.278597 0.424710 -0.861397
-0.278597 0.424710 -0.861397
-0.497007 0.534680 -0.683448
-0.258819 0.541194 -0.800076
-0.532919 0.422738 -0.733001
-0.734027 0.421449 -0.532526
-0.497007 0.534680 -0.683448
-0.497007 0.534680 -0.683448
-0.734027 0.421449 -0.532526
-0.684121 0.533345 -0.497515
-0.734027 0.421449 -0.532526
-0.862705 0.421248 -0.279804
-0.684121 0.533345 -0.497515
-0.684121 0.533345 -0.497515
-0.862705 0.421248 -0.279804
-0.804485 0.533465 -0.261187
-0.862705 0.421248 -0.279804
-0.907009 0.421112 0.000000
-0.804485 0.533465 -0.261187
-0.804485 0.533465 -0.261187
-0.907009 0.421112 0.000000
-0.845705 0.533650 0.000000
-0.862705 0.421248 0.279804
-0.804485 0.533465 0.261187
-0.907009 0.421112 0.000000
-0.907009 0.421112 0.000000
-0.804485 0.533465 0.261187
-0.845705 0.533650 0.000000
-0.734027 0.421450 0.532527
-0.684121 0.533345 0.497516
-0.862705 0.421248 0.279804
-0.862705 0.421248 0.279804
-0.684121 0.533345 0.497516
-0.804485 0.533465 0.261187
-0.532919 0.422738 0.733001
-0.497007 0.534680 0.683449
-0.734027 0.421450 0.532527
-0.734027 0.421450 0.532527
-0.497007 0.534680 0.683449
-0.684121 0.533345 0.497516
-0.532919 0.422738 0.733001
-0.278597 0.424709 0.861398
-0.497007 0.534680 0.683449
-0.497007 0.534680 0.683449
-0.278597 0.424709 0.861398
-0.258819 0.541194 0.800076
0.000000 0.430559 0.902562
0.000000 0.544336 0.838867
-0.278597 0.424709 0.861398
-0.278597 0.424709 0.861398
0.000000 0.544336 0.838867
-0.258819 0.541194 0.800076
0.000000 0.430559 0.902562
0.278597 0.424709 0.861398
0.000000 0.544336 0.838867
0.000000 0.544336 0.838867
0.278597 0.424709 0.861398
0.258819 0.541194 0.800076
0.532919 0.422738 0.733001
0.497007 0.534680 0.683448
0.278597 0.424709 0.861398
0.278597 0.424709 0.861398
0.497007 0.534680 0.683448
0.258819 0.541194 0.800076
0.532919 0.422738 0.733001
0.734027 0.421450 0.532526
0.497007 0.534680 0.683448
0.497007 0.534680 0.683448
0.734027 0.421450 0.532526
0.684121 0.533345 0.497516
0.734027 0.421450 0.532526
0.862705 0.421248 0.279804
0.684121 0.533345 0.497516
0.684121 0.533345 0.497516
0.862705 0.421248 0.279804
0.804485 0.533465 0.261187
0.862705 0.421248 0.279804
0.907009 0.421111 0.000001
0.804485 0.533465 0.261187
0.804485 0.533465 0.261187
0.907009 0.421111 0.000001
0.845705 0.533650 0.000001
0.862705 0.421248 -0.279803
0.804485 0.533465 -0.261186
0.907009 0.421111 0.000001
0.907009 0.421111 0.000001
0.804485 0.533465 -0.261186
0.845705 0.533650 0.000001
0.684121 0.533345 -0.497516
0.618274 0.642841 -0.452209
0.804485 0.533465 -0.261186
0.804485 0.533465 -0.261186
0.618274 0.642841 -0.452209
0.728175 0.643126 -0.236959
0.497006 0.534680 -0.683448
0.447821 0.645036 -0.619181
0.684121 0.533345 -0.497516
0.684121 0.533345 -0.497516
0.447821 0.645036 -0.619181
0.618274 0.642841 -0.452209
0.258819 0.541194 -0.800076
0.230680 0.650501 -0.723626
0.497006 0.534680 -0.683448
0.497006 0.534680 -0.683448
0.230680 0.650501 -0.723626
0.447821 0.645036 -0.619181
0.000000 0.544336 -0.838867
0.000000 0.654583 -0.755991
0.258819 0.541194 -0.800076
0.258819 0.541194 -0.800076
0.000000 0.654583 -0.755991
0.230680 0.650501 -0.723626
0.000000 0.544336 -0.838867
-0.258819 0.541194 -0.800076
0.000000 0.654583 -0.755991
0.000000 0.654583 -0.755991
-0.258819 0.541194 -0.800076
-0.230680 0.650501 -0.723626
-0.258819 0.541194 -0.800076
-0.497007 0.534680 -0.683448
-0.230680 0.650501 -0.723626
-0.230680 0.650501 -0.723626
-0.497007 0.534680 -0.683448
-0.447821 0.645036 -0.619181
-0.497007 0.534680 -0.683448
-0.684121 0.533345 -0.497515
-0.447821 0.645036 -0.619181
-0.447821 0.645036 -0.619181
-0.684121 0.533345 -0.497515
-0.618274 0.642841 -0.452209
-0.684121 0.533345 -0.497515
-0.804485 0.533465 -0.261187
-0.618274 0.642841 -0.452209
-0.618274 0.642841 -0.452209
-0.804485 0.533465 -0.261187
-0.728175 0.643126 -0.236960
-0.804485 0.533465 -0.261187
-0.845705 0.533650 0.000000
-0.728175 0.643126 -0.236960
-0.728175 0.643126 -0.236960
-0.845705 0.533650 0.000000
-0.765423 0.643527 0.000000
-0.804485 0.533465 0.261187
-0.728175 0.643126 0.236960
-0.845705 0.533650 0.000000
-0.845705 0.533650 0.000000
-0.728175 0.643126 0.236960
-0.765423 0.643527 0.000000
-0.684121 0.533345 0.497516
-0.618274 0.642841 0.452209
-0.804485 0.533465 0.261187
-0.804485 0.533465 0.261187
-0.618274 0.642841 0.452209
-0.728175 0.643126 0.236960
-0.497007 0.534680 0.683449
-0.447821 0.645036 0.619181
-0.684121 0.533345 0.497516
-0.684121 0.533345 0.497516
-0.447821 0.645036 0.619181
-0.618274 0.642841 0.452209
-0.258819 0.541194 0.800076
-0.230680 0.650501 0.723626
-0.497007 0.534680 0.683449
-0.497007 0.534680 0.683449
-0.230680 0.650501 0.723626
-0.447821 0.645036 0.619181
0.000000 0.544336 0.838867
0.000000 0.654583 0.755991
-0.258819 0.541194 0.800076
-0.258819 0.541194 0.800076
0.000000 0.654583 0.755991
-0.230680 0.650501 0.723626
0.000000 0.544336 0.838867
0.258819 0.541194 0.800076
0.000000 0.654583 0.755991
0.000000 0.654583 0.755991
0.258819 0.541194 0.800076
0.230680 0.650501 0.723626
0.258819 0.541194 0.800076
0.497007 0.534680 0.683448
0.230680 0.650501 0.723626
0.230680 0.650501 0.723626
0.497007 0.534680 0.683448
0.447821 0.645035 0.619181
0.497007 0.534680 0.683448
0.684121 0.533345 0.497516
0.447821 0.645035 0.619181
0.447821 0.645035 0.619181
0.684121 0.533345 0.497516
0.618274 0.642841 0.452209
0.684121 0.533345 0.497516
0.804485 0.533465 0.261187
0.618274 0.642841 0.452209
0.618274 0.642841 0.452209
0.804485 0.533465 0.261187
0.728175 0.643126 0.236960
0.804485 0.533465 0.261187
0.845705 0.533650 0.000001
0.728175 0.643126 0.236960
0.728175 0.643126 0.236960
0.845705 0.533650 0.000001
0.765423 0.643527 0.000001
0.804485 0.533465 -0.261186
0.728175 0.643126 -0.236959
0.845705 0.533650 0.000001
0.845705 0.533650 0.000001
0.728175 0.643126 -0.236959
0.765423 0.643527 0.000001
0.618274 0.642841 -0.452209
0.530496 0.751055 -0.393053
0.728175 0.643126 -0.236959
0.728175 0.643126 -0.236959
0.530496 0.751055 -0.393053
0.627089 0.751385 -0.205380
0.447821 0.645036 -0.619181
0.379698 0.752832 -0.537655
0.618274 0.642841 -0.452209
0.618274 0.642841 -0.452209
0.379698 0.752832 -0.537655
0.530496 0.751055 -0.393053
0.230680 0.650501 -0.723626
0.187539 0.757071 -0.625837
0.447821 0.645036 -0.619181
0.447821 0.645036 -0.619181
0.187539 0.757071 -0.625837
0.379698 0.752832 -0.537655
0.000000 0.654583 -0.755991
0.000000 0.758641 -0.651509
0.230680 0.650501 -0.723626
0.230680 0.650501 -0.723626
0.000000 0.758641 -0.651509
0.187539 0.757071 -0.625837
0.000000 0.654583 -0.755991
-0.230680 0.650501 -0.723626
0.000000 0.758641 -0.651509
0.000000 0.758641 -0.651509
-0.230680 0.650501 -0.723626
-0.187540 0.757071 -0.625837
-0.230680 0.650501 -0.723626
-0.447821 0.645036 -0.619181
-0.187540 0.757071 -0.625837
-0.187540 0.757071 -0.625837
-0.447821 0.645036 -0.619181
-0.379698 0.752832 -0.537656
-0.447821 0.645036 -0.619181
-0.618274 0.642841 -0.452209
-0.379698 0.752832 -0.537656
-0.379698 0.752832 -0.537656
-0.618274 0.642841 -0.452209
-0.530496 0.751055 -0.393053
-0.618274 0.642841 -0.452209
-0.728175 0.643126 -0.236960
-0.530496 0.751055 -0.393053
-0.530496 0.751055 -0.393053
-0.728175 0.643126 -0.236960
-0.627089 0.751384 -0.205381
-0.728175 0.643126 -0.236960
-0.765423 0.643527 0.000000
-0.627089 0.751384 -0.205381
-0.627089 0.751384 -0.205381
-0.765423 0.643527 0.000000
-0.659279 0.751899 0.000000
-0.728175 0.643126 0.236960
-0.627089 0.751384 0.205381
-0.765423 0.643527 0.000000
-0.765423 0.643527 0.000000
-0.627089 0.751384 0.205381
-0.659279 0.751899 0.000000
-0.618274 0.642841 0.452209
-0.530496 0.751055 0.393053
-0.728175 0.643126 0.236960
-0.728175 0.643126 0.236960
-0.530496 0.751055 0.393053
-0.627089 0.751384 0.205381
-0.447821 0.645036 0.619181
-0.379698 0.752832 0.537656
-0.618274 0.642841 0.452209
-0.618274 0.642841 0.452209
-0.379698 0.752832 0.537656
-0.530496 0.751055 0.393053
-0.230680 0.650501 0.723626
-0.187539 0.757071 0.625838
-0.447821 0.645036 0.619181
-0.447821 0.645036 0.619181
-0.187539 0.757071 0.625838
-0.379698 0.752832 0.537656
0.000000 0.654583 0.755991
0.000000 0.758641 0.651509
-0.230680 0.650501 0.723626
-0.230680 0.650501 0.723626
0.000000 0.758641 0.651509
-0.187539 0.757071 0.625838
0.000000 0.654583 0.755991
0.230680 0.650501 0.723626
0.000000 0.758641 0.651509
0.000000 0.758641 0.651509
0.230680 0.650501 0.723626
0.187539 0.757071 0.625837
0.230680 0.650501 0.723626
0.447821 0.645035 0.619181
0.187539 0.757071 0.625837
0.187539 0.757071 0.625837
0.447821 0.645035 0.619181
0.379698 0.752832 0.537656
0.447821 0.645035 0.619181
0.618274 0.642841 0.452209
0.379698 0.752832 0.537656
0.379698 0.752832 0.537656
0.618274 0.642841 0.452209
0.530496 0.751055 0.393053
0.618274 0.642841 0.452209
0.728175 0.643126 0.236960
0.530496 0.751055 0.393053
0.530496 0.751055 0.393053
0.728175 0.643126 0.236960
0.627089 0.751384 0.205381
0.728175 0.643126 0.236960
0.765423 0.643527 0.000001
0.627089 0.751384 0.205381
0.627089 0.751384 0.205381
0.765423 0.643527 0.000001
0.659279 0.751899 0.000001
0.728175 0.643126 -0.236959
0.627089 0.751385 -0.205380
0.765423 0.643527 0.000001
0.765423 0.643527 0.000001
0.627089 0.751385 -0.205380
0.659279 0.751899 0.000001
0.530496 0.751055 -0.393053
0.414956 0.852882 -0.316865
0.627089 0.751385 -0.205380
0.627089 0.751385 -0.205380
0.414956 0.852882 -0.316865
0.494378 0.853450 -0.164966
0.379698 0.752832 -0.537655
0.290229 0.853182 -0.433414
0.530496 0.751055 -0.393053
0.530496 0.751055 -0.393053
0.290229 0.853182 -0.433414
0.414956 0.852882 -0.316865
0.187539 0.757071 -0.625837
0.131572 0.854175 -0.503065
0.379698 0.752832 -0.537655
0.379698 0.752832 -0.537655
0.131572 0.854175 -0.503065
0.290229 0.853182 -0.433414
0.000000 0.758641 -0.651509
0.000000 0.852093 -0.523391
0.187539 0.757071 -0.625837
0.187539 0.757071 -0.625837
0.000000 0.852093 -0.523391
0.131572 0.854175 -0.503065
0.000000 0.758641 -0.651509
-0.187540 0.757071 -0.625837
0.000000 0.852093 -0.523391
0.000000 0.852093 -0.523391
-0.187540 0.757071 -0.625837
-0.131572 0.854175 -0.503065
-0.187540 0.757071 -0.625837
-0.379698 0.752832 -0.537656
-0.131572 0.854175 -0.503065
-0.131572 0.854175 -0.503065
-0.379698 0.752832 -0.537656
-0.290229 0.853182 -0.433414
-0.379698 0.752832 -0.537656
-0.530496 0.751055 -0.393053
-0.290229 0.853182 -0.433414
-0.290229 0.853182 -0.433414
-0.530496 0.751055 -0.393053
-0.414956 0.852882 -0.316865
-0.530496 0.751055 -0.393053
-0.627089 0.751384 -0.205381
-0.414956 0.852882 -0.316865
-0.414956 0.852882 -0.316865
-0.627089 0.751384 -0.205381
-0.494378 0.853450 -0.164967
-0.627089 0.751384 -0.205381
-0.659279 0.751899 0.000000
-0.494378 0.853450 -0.164967
-0.494378 0.853450 -0.164967
-0.659279 0.751899 0.000000
-0.519968 0.854186 0.000000
-0.627089 0.751384 0.205381
-0.494378 0.853450 0.164967
-0.659279 0.751899 0.000000
-0.659279 0.751899 0.000000
-0.494378 0.853450 0.164967
-0.519968 0.854186 0.000000
-0.530496 0.751055 0.393053
-0.414956 0.852882 0.316865
-0.627089 0.751384 0.205381
-0.627089 0.751384 0.205381
-0.414956 0.852882 0.316865
-0.494378 0.853450 0.164967
-0.379698 0.752832 0.537656
-0.290229 0.853182 0.433415
-0.530496 0.751055 0.393053
-0.530496 0.751055 0.393053
-0.290229 0.853182 0.433415
-0.414956 0.852882 0.316865
-0.187539 0.757071 0.625838
-0.131572 0.854175 0.503065
-0.379698 0.752832 0.537656
-0.379698 0.752832 0.537656
-0.131572 0.854175 0.503065
-0.290229 0.853182 0.433415
0.000000 0.758641 0.651509
0.000000 0.852092 0.523392
-0.187539 0.757071 0.625838
-0.187539 0.757071 0.625838
0.000000 0.852092 0.523392
-0.131572 0.854175 0.503065
0.000000 0.758641 0.651509
0.187539 0.757071 0.625837
0.000000 0.852092 0.523392
0.000000 0.852092 0.523392
0.187539 0.757071 0.625837
0.131572 0.854175 0.503065
0.187539 0.757071 0.625837
0.379698 0.752832 0.537656
0.131572 0.854175 0.503065
0.131572 0.854175 0.503065
0.379698 0.752832 0.537656
0.290229 0.853182 0.433415
0.379698 0.752832 0.537656
0.530496 0.751055 0.393053
0.290229 0.853182 0.433415
0.290229 0.853182 0.433415
0.530496 0.751055 0.393053
0.414956 0.852882 0.316865
0.530496 0.751055 0.393053
0.627089 0.751384 0.205381
0.414956 0.852882 0.316865
0.414956 0.852882 0.316865
0.627089 0.751384 0.205381
0.494378 0.853450 0.164967
0.627089 0.751384 0.205381
0.659279 0.751899 0.000001
0.494378 0.853450 0.164967
0.494378 0.853450 0.164967
0.659279 0.751899 0.000001
0.519968 0.854186 0.000000
0.627089 0.751385 -0.205380
0.494378 0.853450 -0.164966
0.659279 0.751899 0.000001
0.659279 0.751899 0.000001
0.494378 0.853450 -0.164966
0.519968 0.854186 0.000000
0.414956 0.852882 -0.316865
0.270031 0.936592 -0.223335
0.494378 0.853450 -0.164966
0.494378 0.853450 -0.164966
0.270031 0.936592 -0.223335
0.327391 0.937782 -0.115670
0.290229 0.853182 -0.433414
0.179484 0.934887 -0.306223
0.414956 0.852882 -0.316865
0.414956 0.852882 -0.316865
0.179484 0.934887 -0.306223
0.270031 0.936592 -0.223335
0.131572 0.854175 -0.503065
0.064460 0.932357 -0.355746
0.290229 0.853182 -0.433414
0.290229 0.853182 -0.433414
0.064460 0.932357 -0.355746
0.179484 0.934887 -0.306223
0.000000 0.852093 -0.523391
0.000000 0.927988 -0.372611
0.131572 0.854175 -0.503065
0.131572 0.854175 -0.503065
0.000000 0.927988 -0.372611
0.064460 0.932357 -0.355746
0.000000 0.852093 -0.523391
-0.131572 0.854175 -0.503065
0.000000 0.927988 -0.372611
0.000000 0.927988 -0.372611
-0.131572 0.854175 -0.503065
-0.064460 0.932357 -0.355745
-0.131572 0.854175 -0.503065
-0.290229 0.853182 -0.433414
-0.064460 0.932357 -0.355745
-0.064460 0.932357 -0.355745
-0.290229 0.853182 -0.433414
-0.179484 0.934887 -0.306222
-0.290229 0.853182 -0.433414
-0.414956 0.852882 -0.316865
-0.179484 0.934887 -0.306222
-0.179484 0.934887 -0.306222
-0.414956 0.852882 -0.316865
-0.270030 0.936593 -0.223334
-0.414956 0.852882 -0.316865
-0.494378 0.853450 -0.164967
-0.270030 0.936593 -0.223334
-0.270030 0.936593 -0.223334
-0.494378 0.853450 -0.164967
-0.327391 0.937782 -0.115670
-0.494378 0.853450 -0.164967
-0.519968 0.854186 0.000000
-0.327391 0.937782 -0.115670
-0.327391 0.937782 -0.115670
-0.519968 0.854186 0.000000
-0.343736 0.939066 0.000000
-0.494378 0.853450 0.164967
-0.327391 0.937782 0.115670
-0.519968 0.854186 0.000000
-0.519968 0.854186 0.000000
-0.327391 0.937782 0.115670
-0.343736 0.939066 0.000000
-0.414956 0.852882 0.316865
-0.270031 0.936592 0.223334
-0.494378 0.853450 0.164967
-0.494378 0.853450 0.164967
-0.270031 0.936592 0.223334
-0.327391 0.937782 0.115670
-0.290229 0.853182 0.433415
-0.179484 0.934887 0.306223
-0.414956 0.852882 0.316865
-0.414956 0.852882 0.316865
-0.179484 0.934887 0.306223
-0.270031 0.936592 0.223334
-0.131572 0.854175 0.503065
-0.064460 0.932357 0.355746
-0.290229 0.853182 0.433415
-0.290229 0.853182 0.433415
-0.064460 0.932357 0.355746
-0.179484 0.934887 0.306223
0.000000 0.852092 0.523392
0.000000 0.927988 0.372611
-0.131572 0.854175 0.503065
-0.131572 0.854175 0.503065
0.000000 0.927988 0.372611
-0.064460 0.932357 0.355746
0.000000 0.852092 0.523392
0.131572 0.854175 0.503065
0.000000 0.927988 0.372611
0.000000 0.927988 0.372611
0.131572 0.854175 0.503065
0.064460 0.932357 0.355745
0.131572 0.854175 0.503065
0.290229 0.853182 0.433415
0.064460 0.932357 0.355745
0.064460 0.932357 0.355745
0.290229 0.853182 0.433415
0.179484 0.934887 0.306223
0.290229 0.853182 0.433415
0.414956 0.852882 0.316865
0.179484 0.934887 0.306223
0.179484 0.934887 0.306223
0.414956 0.852882 0.316865
0.270031 0.936592 0.223335
0.414956 0.852882 0.316865
0.494378 0.853450 0.164967
0.270031 0.936592 0.223335
0.270031 0.936592 0.223335
0.494378 0.853450 0.164967
0.327391 0.937782 0.115670
0.494378 0.853450 0.164967
0.519968 0.854186 0.000000
0.327391 0.937782 0.115670
0.327391 0.937782 0.115670
0.519968 0.854186 0.000000
0.343736 0.939066 0.000000
0.494378 0.853450 -0.164966
0.327391 0.937782 -0.115670
0.519968 0.854186 0.000000
0.519968 0.854186 0.000000
0.327391 0.937782 -0.115670
0.343736 0.939066 0.000000
0.270031 0.936592 -0.223335
0.102654 0.987788 -0.117209
0.327391 0.937782 -0.115670
0.327391 0.937782 -0.115670
0.102654 0.987788 -0.117209
0.133076 0.989292 -0.059931
0.179484 0.934887 -0.306223
0.053834 0.985310 -0.162071
0.270031 0.936592 -0.223335
0.270031 0.936592 -0.223335
0.053834 0.985310 -0.162071
0.102654 0.987788 -0.117209
0.064460 0.932357 -0.355746
-0.008607 0.981831 -0.189564
0.179484 0.934887 -0.306223
0.179484 0.934887 -0.306223
-0.008607 0.981831 -0.189564
0.053834 0.985310 -0.162071
0.000000 0.927988 -0.372611
0.000000 0.978782 -0.204904
0.064460 0.932357 -0.355746
0.064460 0.932357 -0.355746
0.000000 0.978782 -0.204904
-0.008607 0.981831 -0.189564
0.000000 0.927988 -0.372611
-0.064460 0.932357 -0.355745
0.000000 0.978782 -0.204904
0.000000 0.978782 -0.204904
-0.064460 0.932357 -0.355745
0.008606 0.981830 -0.189565
-0.064460 0.932357 -0.355745
-0.179484 0.934887 -0.306222
0.008606 0.981830 -0.189565
0.008606 0.981830 -0.189565
-0.179484 0.934887 -0.306222
-0.053835 0.985309 -0.162072
-0.179484 0.934887 -0.306222
-0.270030 0.936593 -0.223334
-0.053835 0.985309 -0.162072
-0.053835 0.985309 -0.162072
-0.270030 0.936593 -0.223334
-0.102654 0.987788 -0.117209
-0.270030 0.936593 -0.223334
-0.327391 0.937782 -0.115670
-0.102654 0.987788 -0.117209
-0.102654 0.987788 -0.117209
-0.327391 0.937782 -0.115670
-0.133075 0.989292 -0.059932
-0.327391 0.937782 -0.115670
-0.343736 0.939066 0.000000
-0.133075 0.989292 -0.059932
-0.133075 0.989292 -0.059932
-0.343736 0.939066 0.000000
-0.134530 0.990910 -0.000002
-0.327391 0.937782 0.115670
-0.133076 0.989292 0.059930
-0.343736 0.939066 0.000000
-0.343736 0.939066 0.000000
-0.133076 0.989292 0.059930
-0.134530 0.990910 -0.000002
-0.270031 0.936592 0.223334
-0.102654 0.987788 0.117210
-0.327391 0.937782 0.115670
-0.327391 0.937782 0.115670
-0.102654 0.987788 0.117210
-0.133076 0.989292 0.059930
-0.179484 0.934887 0.306223
-0.053834 0.985309 0.162072
-0.270031 0.936592 0.223334
-0.270031 0.936592 0.223334
-0.053834 0.985309 0.162072
-0.102654 0.987788 0.117210
-0.064460 0.932357 0.355746
0.008606 0.981830 0.189565
-0.179484 0.934887 0.306223
-0.179484 0.934887 0.306223
0.008606 0.981830 0.189565
-0.053834 0.985309 0.162072
0.000000 0.927988 0.372611
0.000000 0.978782 0.204904
-0.064460 0.932357 0.355746
-0.064460 0.932357 0.355746
0.000000 0.978782 0.204904
0.008606 0.981830 0.189565
0.000000 0.927988 0.372611
0.064460 0.932357 0.355745
0.000000 0.978782 0.204904
0.000000 0.978782 0.204904
0.064460 0.932357 0.355745
-0.008607 0.981831 0.189564
0.064460 0.932357 0.355745
0.179484 0.934887 0.306223
-0.008607 0.981831 0.189564
-0.008607 0.981831 0.189564
0.179484 0.934887 0.306223
0.053834 0.985310 0.162071
0.179484 0.934887 0.306223
0.270031 0.936592 0.223335
0.053834 0.985310 0.162071
0.053834 0.985310 0.162071
0.270031 0.936592 0.223335
0.102654 0.987788 0.117209
0.270031 0.936592 0.223335
0.327391 0.937782 0.115670
0.102654 0.987788 0.117209
0.102654 0.987788 0.117209
0.327391 0.937782 0.115670
0.133076 0.989292 0.059931
0.327391 0.937782 0.115670
0.343736 0.939066 0.000000
0.133076 0.989292 0.059931
0.133076 0.989292 0.059931
0.343736 0.939066 0.000000
0.134530 0.990910 0.000002
0.327391 0.937782 -0.115670
0.133076 0.989292 -0.059931
0.343736 0.939066 0.000000
0.343736 0.939066 0.000000
0.133076 0.989292 -0.059931
0.134530 0.990910 0.000002
0.021715 -0.999437 -0.025584
0.028346 -0.999513 -0.013055
0.000000 -1.000000 0.000000
0.011029 -0.999311 -0.035452
0.021715 -0.999437 -0.025584
0.000000 -1.000000 0.000000
-0.002716 -0.999132 -0.041576
0.011029 -0.999311 -0.035452
0.000000 -1.000000 0.000000
0.000000 -0.998988 -0.044970
-0.002716 -0.999132 -0.041576
0.000000 -1.000000 0.000000
0.002716 -0.999132 -0.041577
0.000000 -0.998988 -0.044970
0.000000 -1.000000 0.000000
-0.008635 -0.999363 -0.034623
0.002716 -0.999132 -0.041577
0.000000 -1.000000 0.000000
-0.020400 -0.999439 -0.026581
-0.008635 -0.999363 -0.034623
0.000000 -1.000000 0.000000
-0.027635 -0.999514 -0.014454
-0.020400 -0.999439 -0.026581
0.000000 -1.000000 0.000000
-0.030365 -0.999539 -0.000776
-0.027635 -0.999514 -0.014454
0.000000 -1.000000 0.000000
-0.028346 -0.999513 0.013055
-0.030365 -0.999539 -0.000776
0.000000 -1.000000 0.000000
-0.021715 -0.999437 0.025584
-0.028346 -0.999513 0.013055
0.000000 -1.000000 0.000000
-0.011029 -0.999311 0.035452
-0.021715 -0.999437 0.025584
0.000000 -1.000000 0.000000
0.002716 -0.999132 0.041577
-0.011029 -0.999311 0.035452
0.000000 -1.000000 0.000000
0.000000 -0.998988 0.044970
0.002716 -0.999132 0.041577
0.000000 -1.000000 0.000000
-0.002716 -0.999132 0.041577
0.000000 -0.998988 0.044970
0.000000 -1.000000 0.000000
0.008635 -0.999363 0.034623
-0.002716 -0.999132 0.041577
0.000000 -1.000000 0.000000
0.020400 -0.999439 0.026581
0.008635 -0.999363 0.034623
0.000000 -1.000000 0.000000
0.027635 -0.999514 0.014454
0.020400 -0.999439 0.026581
0.000000 -1.000000 0.000000
0.030365 -0.999539 0.000775
0.027635 -0.999514 0.014454
0.000000 -1.000000 0.000000
0.028346 -0.999513 -0.013055
0.030365 -0.999539 0.000775
0.000000 -1.000000 0.000000
0.133076 0.989292 -0.059931
0.102654 0.987788 -0.117209
0.000000 1.000000 0.000000
0.102654 0.987788 -0.117209
0.053834 0.985310 -0.162071
0.000000 1.000000 0.000000
0.053834 0.985310 -0.162071
-0.008607 0.981831 -0.189564
0.000000 1.000000 0.000000
-0.008607 0.981831 -0.189564
0.000000 0.978782 -0.204904
0.000000 1.000000 0.000000
0.000000 0.978782 -0.204904
0.008606 0.981830 -0.189565
0.000000 1.000000 0.000000
0.008606 0.981830 -0.189565
-0.053835 0.985309 -0.162072
0.000000 1.000000 0.000000
-0.053835 0.985309 -0.162072
-0.102654 0.987788 -0.117209
0.000000 1.000000 0.000000
-0.102654 0.987788 -0.117209
-0.133075 0.989292 -0.059932
0.000000 1.000000 0.000000
-0.133075 0.989292 -0.059932
-0.134530 0.990910 -0.000002
0.000000 1.000000 0.000000
-0.134530 0.990910 -0.000002
-0.133076 0.989292 0.059930
0.000000 1.000000 0.000000
-0.133076 0.989292 0.059930
-0.102654 0.987788 0.117210
0.000000 1.000000 0.000000
-0.102654 0.987788 0.117210
-0.053834 0.985309 0.162072
0.000000 1.000000 0.000000
-0.053834 0.985309 0.162072
0.008606 0.981830 0.189565
0.000000 1.000000 0.000000
0.008606 0.981830 0.189565
0.000000 0.978782 0.204904
0.000000 1.000000 0.000000
0.000000 0.978782 0.204904
-0.008607 0.981831 0.189564
0.000000 1.000000 0.000000
-0.008607 0.981831 0.189564
0.053834 0.985310 0.162071
0.000000 1.000000 0.000000
0.053834 0.985310 0.162071
0.102654 0.987788 0.117209
0.000000 1.000000 0.000000
0.102654 0.987788 0.117209
0.133076 0.989292 0.059931
0.000000 1.000000 0.000000
0.133076 0.989292 0.059931
0.134530 0.990910 0.000002
0.000000 1.000000 0.000000
0.134530 0.990910 0.000002
0.133076 0.989292 -0.059931
0.000000 1.000000 0.000000